T0 3 0 1 1
T1 3 0 2 3
T2 4 4 0 4 4
T3 4 0 5 5 6
T4 2 0 7
T5 4 0 8 9 10
T6 4 0 11 12 11
T7 3 13 0 14
T8 4 0 15 16 16
T9 2 0 4
T10 4 0 4 4 4
T11 2 0 17
T12 2 0 18
T13 2 0 19
T14 4 20 21 0 17
T15 3 21 0 17
T16 3 0 22 22
T17 3 0 23 24
T18 4 24 0 24 25
T19 2 0 9
T20 4 0 26 27 26
T21 2 0 27
T22 3 11 0 13
T23 4 0 28 11 12
T24 2 0 29
T25 4 0 30 26 27
T26 4 0 23 23 24
T27 3 23 0 31
T28 2 0 32
T29 4 30 0 33 33
T30 4 34 0 35 36
T31 2 0 26
T32 2 0 37
T33 4 38 39 0 39
T34 4 40 0 38 39
T35 3 41 0 42
T36 3 0 17 20
T37 3 17 0 20
T38 2 0 43
T39 4 0 44 44 44
T40 2 0 45
T41 3 39 0 40
T42 3 30 0 33
T43 2 0 46
T44 2 0 33
T45 3 33 0 26
T46 3 5 0 6
T47 4 5 0 47 5
T48 2 0 48
T49 3 44 0 49
T50 4 49 0 44 44
T51 2 0 50
T52 3 0 37 51
T53 4 22 22 0 52
T54 3 0 52 52
T55 2 0 53
T56 2 0 54
T57 3 0 54 54
T58 2 0 55
T59 3 46 0 40
T60 2 0 47
T61 4 0 26 33 33
T62 3 33 0 30
T63 2 0 2
T64 4 56 0 57 58
T65 2 0 59
T66 3 0 33 33
T67 4 0 26 26 26
T68 3 60 0 15
T69 3 0 61 62
T70 4 63 0 35 36
T71 3 64 0 65
T72 4 0 39 66 65
T73 3 67 0 68
T74 4 30 30 0 30
T75 3 0 30 26
T76 4 0 5 55 6
T77 3 0 69 53
T78 4 70 0 71 69
T79 2 0 22
T80 2 0 72
T81 3 0 73 74
T82 4 75 75 0 15
T83 4 0 15 16 76
T84 3 0 16 61
T85 2 0 77
T86 2 0 78
T87 4 76 0 77 16
T88 4 36 0 10 10
T89 4 0 31 23 23
T90 2 0 24
T91 4 79 80 0 81
T92 3 34 0 10
T93 3 0 35 8
T94 4 73 0 82 83
T95 3 84 0 85
T96 4 86 0 84 84
T97 4 64 0 46 39
T98 3 41 0 41
T99 2 0 42
T100 3 0 32 32
T101 3 87 0 87
T102 2 0 87
T103 3 0 88 89
T104 3 90 0 90
T105 3 91 0 91
T106 4 0 42 80 41
T107 3 92 0 93
T108 3 0 94 95
T109 2 0 79
T110 2 0 58
T111 2 0 70
T112 2 0 86
T113 3 0 90 90
T114 4 0 90 91 90
T115 4 49 59 0 96
T116 2 0 91
T117 3 43 0 43
T118 2 0 52
T119 3 52 0 52
T120 3 0 47 6
T121 3 96 0 97
T122 4 49 0 45 98
T123 4 77 61 0 16
T124 2 0 99
T125 3 45 0 44
T126 4 85 0 85 69
T127 3 0 38 46
T128 3 0 100 66
T129 4 0 20 20 17
T130 3 101 0 28
T131 4 28 14 0 13
T132 4 0 74 19 73
T133 3 0 4 4
T134 3 4 0 4
T135 3 102 0 54
T136 4 0 52 22 52
T137 4 0 48 48 48
T138 3 0 10 36
T139 2 0 36
T140 4 52 0 22 22
T141 3 0 53 85
T142 2 0 101
T143 4 29 0 12 29
T144 4 103 0 99 103
T145 2 0 88
T146 4 52 22 0 52
T147 3 64 0 39
T148 3 0 24 23
T149 2 0 100
T150 3 0 64 46
T151 2 0 12
T152 2 0 90
T153 4 104 0 42 42
T154 2 0 105
T155 3 53 0 85
T156 4 0 32 32 32
T157 3 0 20 20
T158 3 99 0 59
T159 4 32 32 0 32
T160 3 0 27 26
T161 3 27 0 27
T162 2 0 25
T163 4 0 52 52 52
T164 4 0 94 95 89
T165 3 0 73 82
T166 3 0 72 73
T167 3 32 0 32
T168 4 32 0 32 32
T169 3 36 0 35
T170 3 0 105 105
T171 3 103 0 97
T172 3 0 44 97
T173 3 65 0 65
T174 2 0 65
T175 3 75 0 75
T176 4 91 91 0 90
T177 2 0 31
T178 3 0 93 94
T179 2 0 93
T180 2 0 106
T181 4 0 6 55 6
T182 3 7 0 7
T183 3 0 101 107
T184 2 0 14
T185 3 0 108 94
T186 2 0 34
T187 4 0 31 23 31
T188 3 0 48 48
T189 4 22 52 0 22
T190 2 0 81
T191 4 79 0 104 79
T192 4 0 52 52 22
T193 3 48 0 48
T194 4 48 0 48 48
T195 2 0 28
T196 4 0 27 26 26
T197 4 56 56 0 56
T198 3 0 56 56
T199 2 0 109
T200 4 0 52 22 22
T201 3 0 93 92
T202 3 0 52 22
T203 4 108 0 95 92
T204 2 0 56
T205 4 0 5 6 47
T206 4 87 0 87 87
T207 2 0 10
T208 3 75 0 110
T209 4 110 75 0 77
T210 2 0 103
T211 3 0 50 56
T212 4 49 0 103 59
T213 4 103 0 44 99
T214 4 31 24 0 25
T215 4 91 0 91 91
T216 3 0 17 17
T217 3 47 0 55
T218 4 100 40 0 64
T219 4 0 85 86 84
T220 4 7 55 0 47
T221 3 30 0 27
T222 4 0 51 56 58
T223 2 0 62
T224 2 0 60
T225 4 49 0 96 98
T226 3 22 0 22
T227 2 0 40
T228 3 0 73 19
T229 4 0 68 68 68
T230 3 57 0 37
T231 3 34 0 9
T232 4 72 72 0 82
T233 2 0 108
T234 4 69 0 69 70
T235 3 70 0 84
T236 3 0 108 108
T237 4 0 77 110 110
T238 2 0 23
T239 3 88 0 88
T240 4 88 0 92 92
T241 3 0 43 43
T242 4 61 0 15 60
T243 3 59 0 98
T244 3 0 44 45
T245 4 0 14 14 28
T246 4 11 0 13 28
T247 4 60 0 110 15
T248 4 94 88 0 93
T249 4 95 0 95 94
T250 3 23 0 25
T251 2 0 94
T252 2 0 38
T253 3 0 39 65
T254 2 0 66
T255 4 17 0 20 20
T256 4 0 22 22 52
T257 3 0 99 98
T258 2 0 111
T259 4 4 4 0 4
T260 4 38 100 0 65
T261 4 54 102 0 54
T262 4 43 43 0 43
T263 3 65 0 46
T264 4 0 87 87 87
T265 3 27 0 26
T266 3 0 7 6
T267 3 0 27 30
T268 4 100 46 0 100
T269 4 23 0 31 24
T270 4 0 106 83 112
T271 3 0 91 91
T272 4 90 0 90 90
T273 4 0 80 41 80
T274 4 0 7 5 7
T275 4 0 7 55 47
T276 3 0 40 64
T277 4 36 0 34 34
T278 3 113 0 105
T279 3 70 0 53
T280 4 51 58 0 57
T281 3 96 0 59
T282 4 75 0 62 61
T283 4 98 96 0 99
T284 4 41 0 80 41
T285 4 25 0 25 31
T286 3 36 0 36
T287 4 40 100 0 39
T288 3 0 47 5
T289 3 0 64 100
T290 4 43 0 43 43
T291 4 0 88 94 95
T292 4 24 25 0 25
T293 3 0 77 16
T294 4 71 0 53 71
T295 3 114 0 115
T296 2 0 116
T297 4 2 2 0 68
T298 2 0 68
T299 2 0 75
T300 3 0 65 66
T301 3 0 55 6
T302 2 0 44
T303 3 0 2 1
T304 4 0 16 62 62
T305 4 48 48 0 48
T306 4 6 0 47 47
T307 4 0 116 117 117
T308 3 0 99 45
T309 4 5 55 0 55
T310 3 63 0 35
T311 4 64 0 64 64
T312 3 0 57 50
T313 3 0 30 30
T314 3 110 0 77
T315 4 60 16 0 60
T316 4 21 0 21 17
T317 4 66 100 0 38
T318 4 62 15 0 75
T319 4 0 16 110 76
T320 2 0 21
T321 4 21 0 20 17
T322 4 25 25 0 23
T323 3 24 0 23
T324 2 0 41
T325 2 0 113
T326 2 0 61
T327 4 0 65 100 46
T328 3 59 0 59
T329 4 55 0 6 7
T330 3 0 102 54
T331 3 0 90 91
T332 3 0 111 118
T333 4 0 118 119 120
T334 3 97 0 44
T335 4 0 13 29 13
T336 3 98 0 98
T337 4 15 0 110 110
T338 4 0 27 26 27
T339 4 60 0 62 16
T340 4 21 17 0 17
T341 3 0 79 79
T342 3 119 0 121
T343 3 1 0 68
T344 3 29 0 14
T345 3 0 97 49
T346 2 0 51
T347 4 77 0 16 16
T348 4 30 0 30 30
T349 3 0 8 34
T350 3 28 0 101
T351 3 0 40 46
T352 2 0 115
T353 3 0 122 116
T354 3 0 35 35
T355 3 10 0 35
T356 4 28 29 0 28
T357 3 52 0 22
T358 3 54 0 54
T359 3 0 68 78
T360 4 26 0 27 26
T361 3 0 84 86
T362 3 57 0 56
T363 4 0 43 43 43
T364 3 0 26 26
T365 3 0 72 72
T366 3 0 102 102
T367 4 26 30 0 26
T368 3 94 0 92
T369 4 88 89 0 95
T370 3 101 0 11
T371 3 5 0 47
T372 4 55 55 0 55
T373 3 0 6 55
T374 2 0 30
T375 4 9 35 0 34
T376 3 0 9 63
T377 3 10 0 34
T378 3 67 0 3
T379 4 78 0 1 1
T380 4 60 76 0 15
T381 3 0 16 60
T382 3 0 60 76
T383 2 0 1
T384 4 10 34 0 63
T385 4 105 0 105 70
T386 2 0 69
T387 4 5 5 0 47
T388 4 47 0 7 55
T389 4 89 0 94 89
T390 3 3 0 68
T391 3 0 78 1
T392 3 0 67 67
T393 3 6 0 5
T394 4 7 0 55 55
T395 2 0 3
T396 4 61 76 0 62
T397 4 39 0 39 100
T398 2 0 64
T399 4 0 68 78 78
T400 3 0 36 35
T401 4 36 35 0 34
T402 4 107 14 0 14
T403 3 23 0 23
T404 4 68 0 68 3
T405 4 0 6 47 47
T406 3 10 0 10
T407 3 0 5 5
T408 2 0 71
T409 3 0 69 71
T410 4 8 0 8 10
T411 4 67 0 68 3
T412 3 0 27 27
T413 4 26 27 0 30
T414 4 121 0 109 111
T415 3 0 121 111
T416 4 60 75 0 16
T417 3 8 0 10
T418 4 0 2 78 68
T419 3 0 100 65
T420 2 0 5
T421 3 59 0 103
T422 4 78 68 0 78
T423 4 75 0 76 60
T424 3 0 57 57
T425 3 37 0 57
T426 4 55 0 47 6
T427 3 0 121 118
T428 3 109 0 120
T429 4 30 0 33 26
T430 4 68 0 3 68
T431 4 6 47 0 5
T432 4 0 7 7 6
T433 3 104 0 42
T434 4 67 78 0 67
T435 2 0 67
T436 4 76 60 0 77
T437 4 76 61 0 16
T438 4 0 31 23 25
T439 3 17 0 21
T440 3 0 21 17
T441 3 0 1 3
T442 3 55 0 47
T443 4 87 87 0 87
T444 4 26 0 30 27
T445 3 2 0 3
T446 4 60 0 77 15
T447 4 0 33 30 30
T448 4 0 49 103 98
T449 3 0 61 60
T450 3 47 0 7
T451 4 55 47 0 7
T452 3 0 54 102
T453 3 0 34 9
T454 3 22 0 52
T455 3 119 0 123
T456 3 85 0 105
T457 3 0 121 109
T458 3 81 0 41
T459 4 0 33 27 26
T460 3 81 0 80
T461 2 0 104
T462 4 59 98 0 44
T463 4 56 58 0 50
T464 3 20 0 21
T465 3 0 20 21
T466 4 103 0 44 97
T467 4 0 34 8 63
T468 4 0 81 41 41
T469 4 0 1 68 1
T470 4 27 27 0 30
T471 3 37 0 51
T472 3 29 0 107
T473 3 0 35 10
T474 2 0 8
T475 4 100 100 0 40
T476 4 50 0 57 56
T477 3 0 88 92
T478 3 24 0 31
T479 3 0 22 52
T480 4 58 56 0 50
T481 2 0 63
T482 3 15 0 77
T483 2 0 85
T484 3 0 85 105
T485 3 0 1 68
T486 3 0 61 15
T487 3 77 0 110
T488 2 0 6
T489 3 0 31 23
T490 4 24 0 24 31
T491 4 0 102 102 54
T492 3 0 7 47
T493 3 0 110 75
T494 2 0 92
T495 4 88 94 0 93
T496 2 0 76
T497 4 31 0 25 25
T498 4 33 0 27 30
T499 4 0 55 7 5
T500 2 0 122
T501 4 124 0 115 125
T502 3 36 0 9
T503 4 35 0 10 8
T504 4 23 31 0 23
T505 3 0 11 11
T506 4 11 0 13 101
T507 3 107 0 14
T508 4 0 2 2 2
T509 4 31 0 31 25
T510 4 58 0 58 57
T511 4 7 0 55 47
T512 4 5 0 55 55
T513 3 0 118 120
T514 3 105 0 53
T515 3 73 0 112
T516 3 1 0 67
T517 3 0 2 2
T518 3 0 68 3
T519 3 0 5 6
T520 3 28 0 14
T521 4 56 0 58 56
T522 4 51 0 37 50
T523 3 0 2 67
T524 3 0 63 34
T525 4 0 20 17 21
T526 3 0 93 88
T527 3 94 0 94
T528 4 15 77 0 61
T529 4 52 0 52 22
T530 4 104 0 104 81
T531 4 0 89 108 89
T532 3 0 91 90
T533 4 3 2 0 67
T534 4 69 0 70 84
T535 4 0 71 71 71
T536 2 0 35
T537 3 0 125 115
T538 4 122 0 124 122
T539 4 104 42 0 42
T540 3 80 0 104
T541 3 96 0 44
T542 4 51 51 0 37
T543 3 0 57 37
T544 4 7 0 55 6
T545 4 5 0 5 7
T546 3 0 82 18
T547 4 0 26 30 26
T548 4 83 18 0 74
T549 4 0 81 79 104
T550 3 78 0 3
T551 4 37 50 0 57
T552 3 57 0 57
T553 2 0 15
T554 2 0 16
T555 4 0 62 16 110
T556 4 0 119 111 111
T557 3 0 12 14
T558 3 79 0 81
T559 4 105 105 0 84
T560 4 10 10 0 9
T561 3 0 89 94
T562 4 56 58 0 58
T563 2 0 126
T564 3 0 81 79
T565 4 20 17 0 20
T566 3 105 0 69
T567 3 24 0 25
T568 3 34 0 35
T569 4 73 112 0 18
T570 4 0 33 27 30
T571 4 3 1 0 68
T572 3 95 0 108
T573 4 34 36 0 10
T574 4 117 0 124 124
T575 2 0 125
T576 4 97 0 59 44
T577 4 0 54 102 102
T578 3 0 13 12
T579 4 67 2 0 78
T580 4 0 37 58 58
T581 4 0 112 106 18
T582 2 0 123
T583 3 0 33 30
T584 4 47 47 0 7
T585 4 0 12 101 28
T586 4 13 0 12 14
T587 2 0 110
T588 4 60 0 15 76
T589 2 0 82
T590 4 35 0 36 36
T591 3 0 19 106
T592 4 123 0 109 119
T593 3 60 0 75
T594 3 0 113 86
T595 4 76 0 16 62
T596 3 29 0 28
T597 4 55 0 6 6
T598 3 115 0 117
T599 3 0 36 36
T600 3 79 0 42
T601 4 40 38 0 46
T602 3 79 0 41
T603 2 0 119
T604 3 0 62 61
T605 3 0 121 126
T606 3 41 0 80
T607 4 15 110 0 76
T608 3 0 18 73
T609 2 0 107
T610 4 0 119 109 109
T611 4 22 52 0 52
T612 3 124 0 125
T613 4 0 13 13 12
T614 4 35 0 63 34
T615 4 91 0 90 91
T616 3 0 36 9
T617 4 63 0 63 35
T618 3 53 0 113
T619 4 0 91 91 90
T620 4 47 0 7 6
T621 3 122 0 116
T622 3 0 104 104
T623 4 66 64 0 40
T624 2 0 102
T625 4 0 5 7 6
T626 3 16 0 110
T627 4 0 90 90 90
T628 4 0 91 91 91
T629 3 34 0 34
T630 3 0 68 67
T631 4 1 0 3 1
T632 4 52 52 0 22
T633 4 61 110 0 77
T634 4 26 33 0 33
T635 2 0 57
T636 4 90 0 90 91
T637 3 0 95 93
T638 4 10 0 9 36
T639 3 51 0 58
T640 3 57 0 50
T641 4 54 0 54 54
T642 4 0 78 3 78
T643 4 0 97 45 96
T644 3 0 99 44
T645 4 54 54 0 54
T646 3 36 0 34
T647 4 0 24 23 24
T648 4 26 26 0 26
T649 4 0 30 27 27
T650 3 0 68 1
T651 3 0 77 15
T652 3 125 0 114
T653 4 124 0 116 116
T654 3 0 44 99
T655 4 111 0 111 118
T656 3 45 0 99
T657 3 0 61 61
T658 3 0 110 16
T659 4 112 0 83 112
T660 4 0 114 117 117
T661 4 0 86 105 85
T662 2 0 84
T663 4 84 53 0 86
T664 4 121 120 0 123
T665 4 105 0 69 113
T666 3 69 0 113
T667 4 91 0 90 90
T668 4 41 0 42 81
T669 4 57 37 0 50
T670 4 27 0 33 27
T671 3 98 0 99
T672 4 0 25 23 24
T673 4 0 17 21 20
T674 4 0 17 20 17
T675 4 0 57 37 58
T676 4 0 63 34 8
T677 3 63 0 36
T678 2 0 95
T679 3 0 109 123
T680 3 68 0 3
T681 3 0 24 31
T682 4 25 31 0 23
T683 3 122 0 122
T684 3 115 0 114
T685 4 77 0 76 77
T686 4 29 0 29 107
T687 4 107 13 0 11
T688 4 78 0 67 67
T689 3 49 0 98
T690 4 0 49 103 103
T691 4 0 104 104 80
T692 4 21 0 17 21
T693 4 110 16 0 75
T694 2 0 89
T695 3 3 0 3
T696 3 0 38 39
T697 3 39 0 66
T698 4 126 0 123 119
T699 4 102 0 54 102
T700 4 107 0 12 13
T701 4 91 90 0 90
T702 4 45 0 49 97
T703 3 0 93 93
T704 4 55 55 0 47
T705 3 28 0 13
T706 4 0 54 102 54
T707 4 0 42 42 81
T708 4 0 6 5 55
T709 4 78 67 0 3
T710 4 112 0 18 72
T711 3 89 0 95
T712 3 0 111 120
T713 4 17 0 21 17
T714 3 36 0 10
T715 3 0 106 83
T716 4 0 27 27 30
T717 4 0 88 95 95
T718 4 0 84 113 69
T719 3 92 0 95
T720 4 59 0 99 44
T721 3 0 59 59
T722 4 0 80 81 41
T723 3 0 23 23
T724 4 0 24 23 25
T725 4 50 0 50 56
T726 3 47 0 47
T727 4 6 0 55 55
T728 4 74 106 0 72
T729 3 0 74 72
T730 4 30 27 0 30
T731 4 20 17 0 17
T732 4 0 22 22 22
T733 3 0 53 69
T734 3 0 10 34
T735 3 37 0 50
T736 4 0 78 3 2
T737 4 89 94 0 88
T738 3 0 14 14
T739 4 0 27 26 30
T740 4 42 104 0 81
T741 2 0 80
T742 4 0 7 47 6
T743 4 5 7 0 7
T744 4 64 0 40 40
T745 2 0 117
T746 4 0 103 99 49
T747 4 68 67 0 67
T748 3 47 0 6
T749 4 23 0 25 23
T750 3 93 0 94
T751 4 25 23 0 23
T752 4 95 0 95 89
T753 4 115 116 0 116
T754 4 102 0 102 54
T755 4 20 20 0 20
T756 4 0 62 61 16
T757 3 0 41 104
T758 4 0 92 94 93
T759 4 0 92 95 88
T760 3 74 0 82
T761 4 74 112 0 112
T762 3 79 0 80
T763 4 0 125 122 124
T764 3 7 0 6
T765 4 49 0 45 45
T766 3 0 87 87
T767 3 111 0 123
T768 4 0 5 7 7
T769 3 112 0 106
T770 4 102 54 0 54
T771 4 102 102 0 102
T772 4 59 0 49 49
T773 4 114 122 0 115
T774 4 90 91 0 90
T775 3 0 31 25
T776 4 0 108 94 94
T777 3 77 0 76
T778 3 0 119 126
T779 3 41 0 104
T780 4 41 0 79 80
T781 3 0 115 117
T782 4 9 0 63 9
T783 3 61 0 62
T784 4 27 30 0 30
T785 4 23 0 24 23
T786 4 1 0 2 68
T787 4 0 102 54 102
T788 3 0 71 85
T789 4 125 116 0 117
T790 2 0 114
T791 3 0 80 41
T792 3 58 0 51
T793 4 33 0 27 26
T794 3 94 0 89
T795 3 53 0 69
T796 3 73 0 73
T797 4 0 109 121 119
T798 3 61 0 60
T799 3 82 0 82
T800 3 121 0 118
T801 3 114 0 114
T802 3 83 0 106
T803 3 23 0 24
T804 3 38 0 38
T805 4 0 50 58 58
T806 3 0 123 111
T807 4 0 94 93 88
T808 4 0 118 123 119
T809 4 108 93 0 93
T810 4 0 75 60 61
T811 4 70 0 71 105
T812 4 0 93 89 92
T813 2 0 97
T814 4 0 77 77 61
T815 2 0 49
T816 4 0 33 30 33
T817 4 44 45 0 44
T818 4 96 0 59 99
T819 3 0 69 113
T820 3 0 123 123
T821 4 38 64 0 100
T822 3 0 56 57
T823 4 0 22 52 22
T824 3 7 0 55
T825 4 0 113 69 85
T826 3 0 98 97
T827 3 86 0 69
T828 4 62 61 0 76
T829 3 0 25 23
T830 4 14 13 0 14
T831 3 0 31 31
T832 4 0 47 47 7
T833 3 0 3 3
T834 3 94 0 93
T835 4 89 108 0 95
T836 4 120 119 0 126
T837 3 0 70 84
T838 3 84 0 105
T839 3 0 104 41
T840 4 0 12 29 28
T841 4 101 0 14 13
T842 3 0 118 126
T843 3 0 123 120
T844 4 0 27 27 26
T845 2 0 20
T846 3 10 0 63
T847 3 0 86 70
T848 3 0 85 86
T849 4 51 0 37 51
T850 4 0 89 93 89
T851 2 0 39
T852 3 0 21 20
T853 2 0 120
T854 4 0 18 106 72
T855 4 46 65 0 64
T856 4 33 0 26 27
T857 4 0 42 81 42
T858 3 0 40 100
T859 3 58 0 37
T860 4 102 102 0 54
T861 4 16 61 0 75
T862 4 102 54 0 102
T863 3 0 34 63
T864 3 0 63 10
T865 4 0 119 121 119
T866 3 91 0 90
T867 4 0 121 119 123
T868 4 111 118 0 119
T869 3 3 0 1
T870 4 1 0 1 78
T871 4 21 20 0 17
T872 4 0 71 86 113
T873 4 69 0 71 105
T874 3 86 0 113
T875 3 0 69 69
T876 4 0 20 21 17
T877 3 19 0 82
T878 3 0 83 19
T879 4 70 86 0 71
T880 4 104 41 0 42
T881 3 78 0 67
T882 3 0 8 8
T883 4 63 0 63 8
T884 3 71 0 105
T885 3 67 0 2
T886 3 0 21 21
T887 4 90 90 0 91
T888 4 45 0 99 98
T889 4 0 96 49 59
T890 4 105 0 86 86
T891 4 30 0 26 33
T892 4 117 0 117 116
T893 4 113 0 69 84
T894 3 0 85 113
T895 3 0 29 12
T896 4 61 15 0 62
T897 4 52 22 0 22
T898 3 53 0 105
T899 3 63 0 9
T900 3 0 49 103
T901 3 0 64 40
T902 4 44 103 0 103
T903 3 0 120 111
T904 4 0 120 119 111
T905 4 2 1 0 1
T906 3 0 85 71
T907 4 120 0 123 109
T908 3 71 0 69
T909 4 53 0 86 85
T910 4 24 31 0 31
T911 3 25 0 23
T912 4 98 0 96 96
T913 4 57 0 50 56
T914 4 0 93 108 88
T915 4 0 33 26 30
T916 4 0 82 82 18
T917 3 31 0 23
T918 3 35 0 8
T919 4 101 11 0 13
T920 3 0 108 92
T921 4 67 0 1 68
T922 4 67 3 0 67
T923 4 20 0 20 20
T924 3 68 0 67
T925 4 0 68 1 3
T926 3 20 0 20
T927 4 22 0 22 52
T928 4 68 0 2 67
T929 3 0 109 126
T930 4 72 0 74 106
T931 4 0 27 30 26
T932 2 0 124
T933 3 0 124 125
T934 3 20 0 17
T935 4 0 57 50 51
T936 4 0 58 50 51
T937 4 55 0 55 6
T938 4 6 5 0 5
T939 4 45 103 0 103
T940 4 52 52 0 52
T941 4 37 56 0 56
T942 3 80 0 42
T943 3 25 0 24
T944 4 70 0 113 105
T945 4 0 49 59 44
T946 4 17 0 17 21
T947 4 21 0 17 20
T948 3 0 61 75
T949 3 8 0 63
T950 3 44 0 98
T951 4 90 0 91 90
T952 3 15 0 76
T953 3 0 108 88
T954 4 22 0 52 22
T955 3 0 50 50
T956 4 15 15 0 60
T957 4 7 47 0 55
T958 4 0 63 34 35
T959 4 28 107 0 29
T960 4 0 85 70 105
T961 3 0 92 95
T962 4 0 107 13 101
T963 4 107 0 14 14
T964 3 18 0 73
T965 2 0 74
T966 4 38 0 65 38
T967 3 0 100 64
T968 4 91 0 91 90
T969 3 1 0 1
T970 4 67 1 0 3
T971 4 95 0 89 88
T972 3 76 0 16
T973 4 22 0 52 52
T974 4 0 75 16 61
T975 2 0 121
T976 4 1 3 0 78
T977 4 59 103 0 59
T978 4 0 35 10 35
T979 4 116 117 0 117
T980 4 111 0 123 121
T981 4 88 0 94 93
T982 4 89 108 0 92
T983 3 0 86 86
T984 3 0 40 40
T985 4 0 27 26 33
T986 3 40 0 38
T987 4 0 71 85 113
T988 3 53 0 71
T989 3 0 116 114
T990 4 0 71 53 71
T991 3 49 0 45
T992 2 0 98
T993 3 0 59 49
T994 3 0 72 19
T995 4 0 111 118 119
T996 2 0 118
T997 4 0 38 100 38
T998 3 25 0 25
T999 4 30 0 30 33
T1000 3 0 110 60
T1001 4 40 38 0 100
T1002 2 0 112
T1003 4 83 18 0 73
T1004 4 17 21 0 17
T1005 3 82 0 106
T1006 4 81 0 42 41
T1007 3 0 117 114
T1008 4 1 0 2 67
T1009 3 2 0 1
T1010 4 0 35 34 8
T1011 4 0 10 10 34
T1012 3 0 124 122
T1013 4 79 0 104 81
T1014 4 35 0 9 10
T1015 4 36 63 0 9
T1016 3 0 62 110
T1017 4 12 0 28 28
T1018 3 114 0 122
T1019 3 0 106 19
T1020 4 67 1 0 78
T1021 4 35 0 10 36
T1022 4 88 0 108 89
T1023 4 0 112 83 18
T1024 3 18 0 18
T1025 3 30 0 26
T1026 3 0 93 108
T1027 4 0 71 53 85
T1028 4 30 27 0 27
T1029 3 0 82 73
T1030 3 56 0 56
T1031 2 0 96
T1032 3 21 0 20
T1033 3 21 0 21
T1034 4 0 93 88 92
T1035 4 7 0 5 7
T1036 3 35 0 10
T1037 4 0 20 21 21
T1038 4 116 114 0 122
T1039 3 0 14 12
T1040 3 9 0 36
T1041 4 92 92 0 108
T1042 4 38 66 0 39
T1043 4 107 107 0 11
T1044 4 95 93 0 88
T1045 3 113 0 84
T1046 4 72 0 18 19
T1047 3 0 67 78
T1048 4 116 0 115 115
T1049 3 0 60 110
T1050 4 0 35 10 36
T1051 4 105 86 0 69
T1052 4 120 0 121 119
T1053 4 0 104 42 79
T1054 4 3 78 0 68
T1055 3 88 0 92
T1056 4 72 0 73 19
T1057 4 11 14 0 11
T1058 4 31 0 25 31
T1059 3 0 113 113
T1060 3 0 119 118
T1061 4 58 56 0 56
T1062 4 0 40 65 65
T1063 3 90 0 91
T1064 3 0 10 8
T1065 3 78 0 2
T1066 3 0 11 101
T1067 4 93 92 0 95
T1068 4 3 1 0 1
T1069 3 103 0 49
T1070 3 28 0 11
T1071 3 0 28 13
T1072 3 107 0 101
T1073 3 50 0 56
T1074 4 16 0 75 61
T1075 4 76 77 0 110
T1076 3 0 114 122
T1077 4 0 37 56 58
T1078 4 0 71 85 105
T1079 4 30 26 0 30
T1080 3 0 103 99
T1081 3 109 0 109
T1082 4 71 105 0 53
T1083 3 0 2 78
T1084 3 3 0 78
T1085 3 33 0 27
T1086 4 0 77 77 62
T1087 4 54 0 102 54
T1088 3 54 0 102
T1089 4 30 30 0 27
T1090 4 118 0 120 123
T1091 4 111 111 0 111
T1092 3 95 0 89
T1093 3 0 3 78
T1094 4 0 1 1 68
T1095 4 64 0 100 46
T1096 4 100 39 0 46
T1097 4 0 21 20 17
T1098 4 0 21 21 21
T1099 4 58 56 0 58
T1100 3 0 56 37
T1101 3 51 0 56
T1102 3 0 110 15
T1103 4 115 0 117 114
T1104 4 101 12 0 13
T1105 3 101 0 29
T1106 3 0 125 122
T1107 4 116 0 115 124
T1108 4 0 97 98 45
T1109 4 5 0 7 55
T1110 4 85 0 69 85
T1111 3 85 0 69
T1112 4 101 12 0 12
T1113 4 101 0 12 28
T1114 3 0 120 109
T1115 3 104 0 81
T1116 3 50 0 37
T1117 4 0 57 58 57
T1118 3 0 119 121
T1119 4 0 24 31 23
T1120 3 61 0 16
T1121 3 111 0 118
T1122 3 0 61 110
T1123 3 0 13 11
T1124 4 0 11 12 28
T1125 4 109 111 0 121
T1126 4 0 90 91 91
T1127 4 0 120 119 123
T1128 4 0 1 67 3
T1129 4 37 57 0 58
T1130 4 60 0 77 77
T1131 3 15 0 110
T1132 3 0 105 85
T1133 3 58 0 57
T1134 4 76 0 62 77
T1135 4 0 30 26 26
T1136 4 33 27 0 30
T1137 4 20 0 20 17
T1138 4 0 40 40 64
T1139 4 0 91 90 91
T1140 3 95 0 95
T1141 4 0 120 118 118
T1142 4 13 29 0 101
T1143 4 37 0 50 57
T1144 3 24 0 24
T1145 4 25 23 0 25
T1146 3 0 78 68
T1147 3 89 0 93
T1148 3 60 0 62
T1149 3 26 0 33
T1150 4 20 0 21 21
T1151 4 0 64 39 64
T1152 4 24 24 0 25
T1153 4 0 75 62 15
T1154 4 108 94 0 108
T1155 3 108 0 92
T1156 4 0 86 86 105
T1157 4 0 1 2 68
T1158 4 31 0 31 31
T1159 4 0 101 12 29
T1160 4 101 11 0 28
T1161 3 12 0 107
T1162 3 0 88 95
T1163 3 0 94 88
T1164 4 0 16 61 15
T1165 4 0 67 1 68
T1166 4 54 0 102 102
T1167 4 91 90 0 91
T1168 3 12 0 13
T1169 4 3 1 0 67
T1170 3 66 0 100
T1171 4 0 116 116 125
T1172 3 0 15 62
T1173 3 58 0 56
T1174 3 0 47 7
T1175 4 0 25 25 24
T1176 3 0 95 95
T1177 4 0 25 25 23
T1178 2 0 13
T1179 3 5 0 7
T1180 3 81 0 81
T1181 4 54 0 54 102
T1182 4 11 0 29 29
T1183 3 0 62 75
T1184 3 108 0 93
T1185 4 0 31 25 24
T1186 3 2 0 2
T1187 4 7 0 55 7
T1188 4 37 58 0 37
T1189 4 0 102 54 54
T1190 4 100 0 66 65
T1191 4 0 23 31 31
T1192 4 5 6 0 47
T1193 3 37 0 56
T1194 4 9 0 63 8
T1195 4 0 19 73 112
T1196 4 103 0 98 98
T1197 3 0 17 21
T1198 4 92 0 95 94
T1199 4 55 55 0 7
T1200 4 56 58 0 37
T1201 4 75 0 110 77
T1202 3 0 26 33
T1203 3 25 0 31
T1204 4 0 123 120 111
T1205 3 94 0 108
T1206 4 84 0 84 70
T1207 3 0 105 53
T1208 3 0 59 99
T1209 3 59 0 96
T1210 3 0 101 13
T1211 3 119 0 118
T1212 4 40 0 40 64
T1213 4 108 88 0 88
T1214 3 0 58 51
T1215 4 0 47 5 6
T1216 4 73 0 106 73
T1217 4 14 0 11 107
T1218 4 101 28 0 101
T1219 4 0 26 26 33
T1220 4 1 0 1 1
T1221 3 100 0 40
T1222 4 2 1 0 68
T1223 3 0 11 29
T1224 4 54 102 0 102
T1225 4 0 54 54 102
T1226 3 0 24 25
T1227 4 122 114 0 124
T1228 3 0 39 46
T1229 4 113 70 0 84
T1230 4 0 46 64 46
T1231 4 15 75 0 76
T1232 3 30 0 30
T1233 3 93 0 88
T1234 4 29 0 12 107
T1235 3 92 0 92
T1236 4 0 11 11 11
T1237 3 0 110 62
T1238 3 0 16 16
T1239 4 60 77 0 60
T1240 4 0 89 88 92
T1241 4 90 0 91 91
T1242 4 13 0 28 12
T1243 2 0 11
T1244 4 0 123 111 111
T1245 4 0 15 76 75
T1246 4 0 76 76 76
T1247 3 124 0 117
T1248 3 0 92 108
T1249 4 113 0 84 71
T1250 4 49 0 96 49
T1251 4 0 107 12 14
T1252 3 88 0 94
T1253 3 0 62 15
T1254 4 88 0 93 92
T1255 4 45 0 49 59
T1256 4 23 0 25 31
T1257 4 120 0 111 111
T1258 4 75 0 61 60
T1259 4 64 0 39 39
T1260 4 109 0 121 120
T1261 3 0 98 59
T1262 4 0 126 118 118
T1263 4 0 20 21 20
T1264 3 0 88 108
T1265 3 0 28 14
T1266 4 40 0 64 40
T1267 4 71 86 0 113
T1268 4 0 28 101 107
T1269 4 120 0 118 126
T1270 3 0 94 93
T1271 3 0 25 31
T1272 3 77 0 61
T1273 4 0 13 107 12
T1274 4 23 23 0 23
T1275 4 0 17 20 20
T1276 4 114 116 0 115
T1277 4 0 24 24 25
T1278 4 23 24 0 25
T1279 4 0 10 63 35
T1280 4 24 0 25 25
T1281 4 0 14 14 101
T1282 4 6 0 5 6
T1283 4 0 20 20 21
T1284 4 44 0 97 99
T1285 3 98 0 49
T1286 4 116 0 125 116
T1287 4 63 0 9 8
T1288 4 68 2 0 67
T1289 4 65 65 0 46
T1290 3 40 0 66
T1291 3 44 0 96
T1292 4 111 109 0 126
T1293 3 0 39 100
T1294 4 46 46 0 100
T1295 3 74 0 18
T1296 4 55 47 0 55
T1297 4 64 39 0 66
T1298 3 125 0 122
T1299 4 117 116 0 125
T1300 4 47 6 0 47
T1301 3 0 8 10
T1302 4 106 112 0 72
T1303 4 14 0 14 28
T1304 4 29 12 0 101
T1305 3 0 115 114
T1306 4 38 65 0 38
T1307 4 123 0 120 111
T1308 4 45 0 97 97
T1309 4 0 117 116 115
T1310 4 46 66 0 38
T1311 4 50 0 58 51
T1312 4 58 50 0 57
T1313 3 26 0 30
T1314 3 0 33 27
T1315 3 0 78 67
T1316 4 122 0 115 115
T1317 4 24 0 23 24
T1318 3 0 25 24
T1319 4 125 0 124 125
T1320 3 1 0 2
T1321 3 17 0 17
T1322 4 2 67 0 78
T1323 4 112 0 72 72
T1324 2 0 73
T1325 3 107 0 11
T1326 3 0 71 69
T1327 4 0 23 25 24
T1328 4 23 0 24 31
T1329 4 0 28 11 107
T1330 3 0 86 53
T1331 4 60 75 0 15
T1332 4 114 122 0 114
T1333 4 0 42 42 104
T1334 4 0 99 49 44
T1335 4 16 0 75 15
T1336 4 90 90 0 90
T1337 3 77 0 62
T1338 4 67 0 78 78
T1339 4 78 0 1 3
T1340 4 68 0 1 2
T1341 3 0 34 8
T1342 4 0 60 16 61
T1343 4 0 8 36 63
T1344 4 79 0 79 104
T1345 4 0 47 7 6
T1346 4 0 56 57 58
T1347 3 117 0 125
T1348 4 100 0 46 100
T1349 4 0 56 37 58
T1350 3 37 0 37
T1351 4 51 0 57 58
T1352 4 92 0 88 92
T1353 3 0 37 50
T1354 4 1 0 68 68
T1355 4 51 51 0 56
T1356 3 71 0 85
T1357 3 0 1 67
T1358 4 125 0 117 122
T1359 4 64 40 0 100
T1360 4 0 54 54 54
T1361 4 97 59 0 59
T1362 4 5 6 0 5
T1363 3 117 0 117
T1364 4 0 122 124 117
T1365 4 0 30 33 26
T1366 4 96 98 0 45
T1367 3 0 74 112
T1368 4 46 100 0 40
T1369 3 0 1 78
T1370 3 82 0 73
T1371 4 0 51 50 57
T1372 4 58 0 51 58
T1373 4 6 7 0 55
T1374 3 11 0 101
T1375 4 0 94 88 95
T1376 4 0 17 21 21
T1377 4 57 0 56 50
T1378 4 0 45 97 49
T1379 3 0 51 51
T1380 4 0 26 33 30
T1381 4 0 89 92 94
T1382 4 67 0 2 3
T1383 4 0 30 30 33
T1384 4 25 0 23 23
T1385 3 74 0 19
T1386 4 75 0 16 77
T1387 4 27 30 0 33
T1388 3 19 0 73
T1389 4 38 39 0 38
T1390 4 0 123 119 109
T1391 3 118 0 123
T1392 3 107 0 29
T1393 3 110 0 75
T1394 4 5 55 0 47
T1395 4 1 0 1 3
T1396 4 117 0 114 124
T1397 3 0 45 97
T1398 4 7 5 0 47
T1399 3 0 15 76
T1400 4 0 99 59 98
T1401 4 57 51 0 50
T1402 3 0 59 96
T1403 3 0 83 74
T1404 4 0 30 27 33
T1405 3 62 0 60
T1406 4 75 0 75 61
T1407 3 0 66 66
T1408 3 0 96 103
T1409 3 62 0 110
T1410 4 122 0 116 116
T1411 3 106 0 83
T1412 4 0 53 86 85
T1413 4 111 119 0 120
T1414 4 0 19 73 83
T1415 4 73 0 74 112
T1416 3 31 0 25
T1417 3 0 101 28
T1418 3 0 65 65
T1419 4 123 0 126 119
T1420 3 0 66 46
T1421 4 35 9 0 36
T1422 3 0 10 35
T1423 4 0 58 51 37
T1424 3 0 26 27
T1425 4 0 30 33 33
T1426 4 33 0 30 27
T1427 3 83 0 74
T1428 3 66 0 66
T1429 3 0 62 16
T1430 4 51 0 58 50
T1431 4 118 119 0 118
T1432 4 0 26 27 33
T1433 3 0 53 84
T1434 4 0 113 84 86
T1435 4 0 1 78 2
T1436 3 0 44 59
T1437 4 3 0 68 78
T1438 4 0 31 25 25
T1439 4 0 82 106 106
T1440 4 92 0 93 88
T1441 3 0 116 122
T1442 4 109 123 0 119
T1443 4 8 0 35 8
T1444 3 0 89 93
T1445 3 0 126 109
T1446 4 68 68 0 3
T1447 4 117 0 116 117
T1448 3 26 0 26
T1449 3 68 0 68
T1450 3 0 3 2
T1451 3 46 0 46
T1452 3 0 85 85
T1453 3 61 0 110
T1454 3 0 50 51
T1455 3 76 0 60
T1456 3 0 44 98
T1457 4 0 7 5 55
T1458 4 7 47 0 7
T1459 4 40 0 64 65
T1460 3 0 119 120
T1461 4 0 106 74 106
T1462 4 0 73 112 72
T1463 4 0 75 62 110
T1464 4 0 110 77 75
T1465 3 0 26 30
T1466 4 101 12 0 11
T1467 4 47 0 6 6
T1468 4 2 0 78 67
T1469 4 0 10 9 36
T1470 4 63 0 8 34
T1471 4 0 2 68 2
T1472 4 0 83 112 82
T1473 4 124 115 0 117
T1474 3 27 0 33
T1475 4 0 44 103 98
T1476 3 0 118 123
T1477 4 0 106 72 106
T1478 3 0 74 18
T1479 4 26 26 0 33
T1480 3 67 0 67
T1481 4 75 0 16 75
T1482 4 0 112 82 19
T1483 3 12 0 101
T1484 4 101 29 0 13
T1485 3 0 107 107
T1486 4 68 78 0 2
T1487 3 0 60 60
T1488 4 0 74 74 18
T1489 4 0 112 73 74
T1490 4 74 83 0 73
T1491 4 110 0 62 77
T1492 4 0 91 90 90
T1493 4 101 12 0 29
T1494 4 73 0 74 82
T1495 4 75 0 75 77
T1496 4 45 0 45 44
T1497 4 0 27 27 27
T1498 3 99 0 97
T1499 4 8 0 9 35
T1500 4 10 0 9 9
T1501 3 0 9 36
T1502 3 0 114 114
T1503 3 114 0 116
T1504 4 0 31 31 31
T1505 3 0 62 77
T1506 4 0 113 70 105
T1507 2 0 83
T1508 4 71 70 0 84
T1509 4 86 0 71 105
T1510 4 22 0 22 22
T1511 4 0 36 63 63
T1512 3 35 0 36
T1513 3 0 36 34
T1514 4 18 0 72 73
T1515 3 62 0 62
T1516 3 0 28 11
T1517 4 29 14 0 14
T1518 3 0 101 11
T1519 3 110 0 110
T1520 3 3 0 67
T1521 4 24 31 0 25
T1522 4 101 101 0 12
T1523 3 0 19 112
T1524 4 19 83 0 19
T1525 4 72 106 0 82
T1526 4 0 1 78 68
T1527 4 72 0 83 19
T1528 4 0 61 15 75
T1529 3 84 0 113
T1530 4 0 114 115 114
T1531 3 0 106 74
T1532 4 53 105 0 84
T1533 4 0 29 13 11
T1534 3 0 49 96
T1535 4 67 0 67 68
T1536 3 0 3 68
T1537 3 0 38 38
T1538 4 64 65 0 40
T1539 4 0 46 39 65
T1540 4 7 47 0 47
T1541 4 78 0 3 3
T1542 4 0 33 33 26
T1543 4 109 120 0 118
T1544 4 0 64 100 100
T1545 3 83 0 72
T1546 4 18 112 0 73
T1547 3 83 0 112
T1548 3 70 0 86
T1549 4 78 1 0 2
T1550 4 63 8 0 34
T1551 3 34 0 63
T1552 4 97 0 44 59
T1553 3 55 0 6
T1554 4 126 118 0 126
T1555 3 102 0 102
T1556 4 124 115 0 115
T1557 3 0 60 75
T1558 3 0 76 61
T1559 4 0 13 11 29
T1560 4 25 0 31 25
T1561 3 49 0 99
T1562 4 31 25 0 23
T1563 3 107 0 107
T1564 4 13 12 0 13
T1565 3 0 10 9
T1566 4 66 100 0 100
T1567 3 38 0 46
T1568 3 0 69 70
T1569 4 112 82 0 72
T1570 4 0 112 106 72
T1571 4 90 91 0 91
T1572 4 82 0 82 83
T1573 4 15 0 15 62
T1574 3 124 0 124
T1575 4 95 92 0 94
T1576 4 86 0 113 53
T1577 4 0 109 119 109
T1578 3 0 63 9
T1579 4 9 8 0 34
T1580 3 0 111 119
T1581 4 24 0 23 25
T1582 3 0 76 75
T1583 4 110 0 76 75
T1584 4 68 0 1 1
T1585 3 0 70 85
T1586 4 122 0 116 125
T1587 4 3 67 0 67
T1588 4 26 26 0 30
T1589 3 82 0 72
T1590 4 112 0 72 112
T1591 4 0 16 75 60
T1592 4 76 0 16 60
T1593 4 67 78 0 1
T1594 4 0 119 111 121
T1595 4 11 14 0 28
T1596 4 35 0 34 8
T1597 4 0 98 49 99
T1598 4 0 9 10 9
T1599 4 56 0 50 57
T1600 4 0 105 86 53
T1601 3 0 115 124
T1602 4 69 113 0 70
T1603 4 33 26 0 30
T1604 4 86 105 0 85
T1605 4 106 112 0 74
T1606 4 34 8 0 63
T1607 4 0 30 26 30
T1608 4 33 30 0 30
T1609 4 107 28 0 13
T1610 3 0 62 60
T1611 4 53 0 86 69
T1612 3 19 0 18
T1613 3 121 0 126
T1614 3 0 85 84
T1615 3 0 46 65
T1616 4 126 121 0 121
T1617 3 0 122 124
T1618 4 0 115 122 122
T1619 3 77 0 77
T1620 3 0 15 77
T1621 3 0 13 29
T1622 4 100 0 66 64
T1623 4 77 110 0 15
T1624 4 95 95 0 95
T1625 3 0 122 114
T1626 3 0 20 17
T1627 4 0 17 21 17
T1628 3 0 9 35
T1629 3 0 42 81
T1630 4 42 0 80 41
T1631 4 95 0 89 94
T1632 4 89 93 0 88
T1633 4 8 0 8 34
T1634 4 64 0 46 64
T1635 4 14 101 0 29
T1636 4 12 0 107 107
T1637 3 0 42 80
T1638 3 6 0 6
T1639 4 18 0 73 74
T1640 4 0 53 105 70
T1641 4 92 89 0 89
T1642 4 27 27 0 33
T1643 3 29 0 12
T1644 4 0 3 67 1
T1645 4 0 90 90 91
T1646 4 0 99 99 97
T1647 3 0 51 57
T1648 4 30 0 26 26
T1649 3 0 73 112
T1650 4 35 34 0 35
T1651 3 34 0 36
T1652 4 58 0 56 51
T1653 4 46 0 39 38
T1654 3 2 0 67
T1655 3 0 61 77
T1656 3 0 111 121
T1657 3 51 0 50
T1658 3 0 75 77
T1659 4 0 75 15 16
T1660 4 107 11 0 101
T1661 4 116 117 0 114
T1662 3 122 0 117
T1663 3 0 45 99
T1664 4 0 11 13 11
T1665 4 13 14 0 107
T1666 4 0 12 28 11
T1667 4 10 0 8 36
T1668 4 50 56 0 50
T1669 3 0 88 88
T1670 3 0 95 88
T1671 4 88 93 0 95
T1672 4 0 60 61 62
T1673 4 76 76 0 61
T1674 3 0 7 55
T1675 3 0 6 47
T1676 4 124 0 124 125
T1677 4 14 28 0 12
T1678 3 0 42 104
T1679 4 122 0 124 125
T1680 4 114 122 0 116
T1681 4 122 0 115 122
T1682 4 28 28 0 29
T1683 4 15 0 60 16
T1684 4 61 62 0 110
T1685 4 63 0 36 9
T1686 4 31 0 31 23
T1687 3 29 0 29
T1688 4 41 0 42 80
T1689 3 0 75 76
T1690 4 0 94 92 95
T1691 4 0 59 99 98
T1692 4 77 0 15 61
T1693 4 0 55 47 5
T1694 4 81 81 0 81
T1695 3 0 104 80
T1696 3 7 0 5
T1697 4 0 62 76 62
T1698 4 0 55 47 55
T1699 3 0 112 106
T1700 4 0 102 102 102
T1701 3 8 0 9
T1702 4 92 0 92 94
T1703 4 89 0 93 92
T1704 3 119 0 120
T1705 3 86 0 70
T1706 4 104 80 0 42
T1707 4 104 0 104 42
T1708 4 0 115 115 117
T1709 4 0 98 59 44
T1710 4 59 45 0 59
T1711 4 68 67 0 68
T1712 4 0 20 20 20
T1713 3 0 89 88
T1714 4 0 27 30 30
T1715 3 0 47 55
T1716 3 108 0 94
T1717 3 0 35 36
T1718 3 11 0 29
T1719 4 21 0 20 20
T1720 4 35 35 0 10
T1721 3 108 0 88
T1722 3 50 0 58
T1723 3 18 0 82
T1724 4 88 88 0 92
T1725 3 0 16 110
T1726 3 99 0 96
T1727 3 76 0 75
T1728 4 0 22 52 52
T1729 4 50 56 0 57
T1730 3 0 55 55
T1731 4 7 55 0 5
T1732 4 6 0 6 7
T1733 4 23 31 0 31
T1734 3 0 79 80
T1735 3 15 0 62
T1736 3 114 0 124
T1737 4 27 33 0 33
T1738 4 33 30 0 33
T1739 4 0 55 6 55
T1740 4 125 117 0 114
T1741 4 23 24 0 31
T1742 4 9 63 0 10
T1743 4 109 119 0 123
T1744 3 106 0 112
T1745 4 100 46 0 39
T1746 3 38 0 66
T1747 3 0 107 13
T1748 3 45 0 97
T1749 3 0 23 25
T1750 4 111 0 123 109
T1751 3 55 0 55
T1752 3 14 0 14
T1753 4 98 0 99 49
T1754 4 0 63 35 9
T1755 4 0 95 94 94
T1756 4 0 6 5 7
T1757 3 0 103 97
T1758 4 61 76 0 61
T1759 4 0 29 28 13
T1760 4 52 0 52 52
T1761 4 83 0 82 106
T1762 3 9 0 63
T1763 4 0 12 14 13
T1764 4 79 0 41 79
T1765 4 98 0 99 59
T1766 4 0 9 63 35
T1767 3 7 0 47
T1768 4 0 47 55 7
T1769 4 61 0 75 110
T1770 3 0 59 45
T1771 3 88 0 95
T1772 3 14 0 13
T1773 4 113 0 84 85
T1774 4 47 0 55 47
T1775 4 36 0 8 35
T1776 4 106 0 83 18
T1777 4 13 0 107 12
T1778 3 0 113 70
T1779 4 0 76 77 75
T1780 3 45 0 45
T1781 4 95 0 89 93
T1782 4 0 55 6 6
T1783 4 59 98 0 103
T1784 4 5 0 6 55
T1785 4 0 37 56 50
T1786 3 72 0 19
T1787 3 0 104 81
T1788 4 110 77 0 62
T1789 4 47 47 0 55
T1790 4 42 0 42 81
T1791 3 0 76 76
T1792 4 50 0 37 58
T1793 4 0 3 78 68
T1794 4 0 117 124 124
T1795 4 114 115 0 117
T1796 4 38 46 0 39
T1797 4 37 50 0 51
T1798 3 8 0 8
T1799 3 35 0 9
T1800 4 17 0 20 17
T1801 3 103 0 98
T1802 4 44 49 0 44
T1803 4 115 124 0 116
T1804 3 0 58 56
T1805 4 118 0 126 123
T1806 3 0 122 117
T1807 4 116 122 0 116
T1808 4 0 35 10 8
T1809 4 0 116 117 116
T1810 4 96 103 0 49
T1811 3 67 0 1
T1812 4 86 0 86 84
T1813 3 0 71 53
T1814 3 0 15 60
T1815 4 0 16 16 15
T1816 4 34 0 10 36
T1817 3 0 126 120
T1818 4 118 123 0 119
T1819 3 0 65 40
T1820 3 78 0 1
T1821 4 59 97 0 96
T1822 4 0 50 56 57
T1823 4 56 0 57 51
T1824 4 0 88 94 92
T1825 3 0 116 125
T1826 4 24 0 31 24
T1827 4 120 109 0 111
T1828 4 74 0 73 73
T1829 4 84 113 0 53
T1830 3 51 0 57
T1831 3 0 37 57
T1832 3 0 103 45
T1833 4 0 44 44 49
T1834 4 0 77 62 15
T1835 4 0 3 2 68
T1836 4 46 0 64 100
T1837 4 0 125 116 122
T1838 3 0 116 124
T1839 3 16 0 62
T1840 4 102 0 102 102
T1841 3 63 0 34
T1842 4 0 103 49 97
T1843 4 85 105 0 70
T1844 3 0 70 113
T1845 4 72 0 83 112
T1846 3 0 98 103
T1847 3 59 0 99
T1848 4 84 113 0 86
T1849 3 0 122 122
T1850 3 89 0 88
T1851 4 41 0 80 42
T1852 4 0 122 125 115
T1853 3 0 73 18
T1854 4 0 118 111 119
T1855 4 0 37 58 37
T1856 4 0 95 93 88
T1857 4 0 21 17 20
T1858 3 0 112 74
T1859 3 69 0 86
T1860 4 0 57 50 58
T1861 4 50 0 37 51
T1862 4 59 96 0 97
T1863 4 51 58 0 50
T1864 3 0 47 47
T1865 4 6 55 0 5
T1866 3 37 0 58
T1867 4 0 63 10 10
T1868 3 125 0 115
T1869 4 30 33 0 27
T1870 3 83 0 19
T1871 3 0 103 96
T1872 4 0 66 65 40
T1873 3 0 86 85
T1874 4 1 0 68 3
T1875 4 0 74 73 74
T1876 4 74 0 112 74
T1877 3 0 121 123
T1878 3 0 123 109
T1879 3 0 83 106
T1880 4 9 0 10 35
T1881 3 10 0 8
T1882 3 0 67 68
T1883 4 0 118 121 118
T1884 4 27 26 0 26
T1885 4 84 105 0 84
T1886 4 26 0 26 33
T1887 3 0 86 69
T1888 3 84 0 86
T1889 4 50 0 56 58
T1890 3 0 31 24
T1891 4 0 27 30 27
T1892 4 56 57 0 58
T1893 4 23 0 31 31
T1894 3 73 0 19
T1895 3 0 112 18
T1896 4 83 0 73 112
T1897 4 27 0 33 26
T1898 3 50 0 50
T1899 4 0 31 24 25
T1900 3 0 108 93
T1901 4 0 30 30 30
T1902 3 123 0 121
T1903 3 0 34 36
T1904 4 0 67 78 2
T1905 4 73 0 72 18
T1906 4 45 44 0 44
T1907 3 26 0 27
T1908 4 114 115 0 116
T1909 3 0 55 7
T1910 4 73 0 112 82
T1911 3 5 0 5
T1912 3 0 42 41
T1913 3 111 0 120
T1914 4 18 73 0 73
T1915 4 77 16 0 77
T1916 4 56 37 0 50
T1917 3 50 0 57
T1918 4 0 124 122 116
T1919 4 116 0 115 114
T1920 4 53 85 0 84
T1921 4 0 118 120 120
T1922 3 123 0 126
T1923 3 117 0 116
T1924 4 33 0 33 26
T1925 3 0 19 73
T1926 4 82 83 0 19
T1927 4 21 0 21 20
T1928 4 124 0 125 115
T1929 3 51 0 51
T1930 3 0 126 119
T1931 4 36 36 0 63
T1932 4 0 7 6 5
T1933 3 114 0 117
T1934 4 0 37 50 50
T1935 4 122 117 0 122
T1936 4 0 27 33 26
T1937 4 0 112 106 112
T1938 4 0 24 25 31
T1939 4 0 3 3 1
T1940 4 31 23 0 23
T1941 3 70 0 69
T1942 4 17 17 0 20
T1943 3 0 97 103
T1944 4 44 44 0 44
T1945 4 99 0 44 49
T1946 4 0 8 10 10
T1947 3 71 0 113
T1948 3 105 0 86
T1949 4 0 122 122 125
T1950 4 0 25 31 31
T1951 3 0 25 25
T1952 4 20 0 17 20
T1953 3 95 0 94
T1954 4 93 0 94 89
T1955 3 0 12 28
T1956 3 31 0 31
T1957 3 115 0 125
T1958 4 0 78 3 1
T1959 4 0 72 82 112
T1960 4 0 66 65 38
T1961 4 81 42 0 42
T1962 4 0 23 24 24
T1963 4 0 27 33 33
T1964 4 93 0 108 92
T1965 4 0 69 113 69
T1966 4 28 101 0 13
T1967 3 0 14 29
T1968 3 13 0 107
T1969 4 7 0 6 5
T1970 4 37 57 0 51
T1971 4 64 65 0 66
T1972 4 0 14 12 13
T1973 4 11 13 0 12
T1974 4 12 29 0 101
T1975 3 65 0 40
T1976 4 34 9 0 34
T1977 4 56 0 56 57
T1978 4 0 56 58 37
T1979 3 116 0 125
T1980 3 0 114 124
T1981 3 0 14 101
T1982 4 0 12 107 29
T1983 3 0 98 98
T1984 4 31 0 24 31
T1985 4 0 29 14 29
T1986 3 0 75 62
T1987 3 0 18 72
T1988 3 0 74 73
T1989 4 72 0 112 112
T1990 4 115 125 0 116
T1991 4 26 0 33 33
T1992 3 0 11 28
T1993 3 0 125 114
T1994 3 116 0 115
T1995 3 0 38 64
T1996 4 0 118 123 121
T1997 4 45 49 0 59
T1998 4 121 0 119 120
T1999 4 0 66 40 65
T2000 4 95 0 108 108
T2001 4 64 0 65 65
T2002 4 75 62 0 77
T2003 3 73 0 72
T2004 4 0 98 59 99
T2005 3 65 0 38
T2006 4 36 0 9 35
T2007 4 1 0 67 78
T2008 4 0 42 81 79
T2009 4 78 68 0 3
T2010 4 0 125 115 116
T2011 3 0 109 109
T2012 3 0 9 8
T2013 3 122 0 114
T2014 4 56 50 0 37
T2015 4 124 0 117 122
T2016 4 37 56 0 58
T2017 4 0 51 37 58
T2018 4 0 107 13 11
T2019 4 86 0 69 84
T2020 4 105 0 70 86
T2021 3 0 113 53
T2022 4 65 0 46 39
T2023 3 11 0 14
T2024 4 0 12 11 14
T2025 4 46 64 0 40
T2026 4 0 3 68 2
T2027 4 41 0 79 41
T2028 4 0 80 79 41
T2029 3 126 0 119
T2030 3 0 103 44
T2031 4 11 101 0 29
T2032 3 0 50 57
T2033 3 0 45 98
T2034 4 0 21 17 21
T2035 4 0 125 114 117
T2036 4 0 85 70 113
T2037 4 0 39 39 39
T2038 3 0 89 89
T2039 4 55 5 0 6
T2040 4 0 58 58 50
T2041 4 0 63 10 34
T2042 4 109 0 126 111
T2043 4 86 71 0 85
T2044 3 117 0 124
T2045 3 49 0 59
T2046 4 18 0 72 83
T2047 4 0 39 40 66
T2048 4 12 29 0 29
T2049 3 101 0 13
T2050 4 52 0 22 52
T2051 4 101 0 101 28
T2052 4 53 0 70 71
T2053 3 42 0 42
T2054 4 35 0 8 9
T2055 4 0 89 92 108
T2056 3 0 51 56
T2057 4 109 0 121 109
T2058 3 120 0 126
T2059 4 0 105 84 70
T2060 4 36 36 0 36
T2061 4 31 0 24 24
T2062 4 86 105 0 70
T2063 4 107 101 0 101
T2064 4 0 72 82 74
T2065 3 5 0 55
T2066 4 0 51 56 37
T2067 4 116 0 117 122
T2068 4 21 20 0 20
T2069 4 83 74 0 72
T2070 4 28 29 0 101
T2071 4 0 103 45 59
T2072 4 38 0 65 66
T2073 4 0 13 28 13
T2074 4 0 61 16 77
T2075 3 76 0 77
T2076 3 0 34 34
T2077 4 0 20 17 17
T2078 3 11 0 11
T2079 4 94 95 0 95
T2080 4 84 85 0 105
T2081 4 33 30 0 27
T2082 4 0 51 57 50
T2083 4 17 0 17 20
T2084 4 0 51 37 51
T2085 4 63 35 0 36
T2086 4 0 60 62 16
T2087 4 0 70 105 69
T2088 3 0 63 63
T2089 3 35 0 34
T2090 4 19 82 0 72
T2091 4 114 0 116 125
T2092 4 115 117 0 117
T2093 3 95 0 93
T2094 3 116 0 122
T2095 4 0 78 2 2
T2096 3 2 0 68
T2097 4 98 0 44 44
T2098 4 0 97 49 98
T2099 4 0 28 14 12
T2100 4 14 0 101 12
T2101 3 0 11 13
T2102 3 0 108 95
T2103 3 0 60 77
T2104 4 61 62 0 77
T2105 3 0 50 58
T2106 4 0 78 2 68
T2107 4 76 75 0 76
T2108 4 5 55 0 5
T2109 3 0 67 2
T2110 4 67 0 1 78
T2111 4 0 29 11 13
T2112 4 29 0 28 107
T2113 4 0 6 6 55
T2114 4 0 71 113 113
T2115 4 54 54 0 102
T2116 4 0 73 106 73
T2117 4 81 42 0 80
T2118 4 66 40 0 39
T2119 3 0 117 115
T2120 4 17 20 0 17
T2121 3 0 41 41
T2122 4 0 84 105 84
T2123 3 0 71 113
T2124 4 51 0 57 51
T2125 4 51 51 0 58
T2126 3 62 0 75
T2127 4 0 94 88 89
T2128 3 118 0 120
T2129 4 56 57 0 51
T2130 4 21 21 0 20
T2131 3 50 0 51
T2132 4 0 30 26 33
T2133 4 119 121 0 119
T2134 3 97 0 103
T2135 4 42 42 0 42
T2136 3 0 78 2
T2137 4 0 114 115 124
T2138 3 92 0 108
T2139 4 58 37 0 57
T2140 3 0 94 94
T2141 4 45 0 44 103
T2142 4 68 0 2 78
T2143 4 125 0 115 124
T2144 4 99 0 45 99
T2145 3 0 92 88
T2146 4 76 0 60 110
T2147 3 56 0 57
T2148 4 3 0 2 2
T2149 3 106 0 19
T2150 4 116 116 0 122
T2151 4 79 0 81 42
T2152 3 0 59 97
T2153 4 80 0 41 42
T2154 4 21 20 0 21
T2155 3 0 110 61
T2156 3 13 0 28
T2157 4 88 0 93 95
T2158 3 0 118 119
T2159 4 79 0 42 79
T2160 3 104 0 104
T2161 4 0 63 63 63
T2162 3 96 0 96
T2163 4 8 63 0 9
T2164 4 5 0 7 5
T2165 3 0 79 41
T2166 4 58 0 37 51
T2167 4 107 0 28 14
T2168 4 12 0 11 28
T2169 4 105 0 86 85
T2170 4 9 0 9 8
T2171 4 108 0 92 93
T2172 4 42 0 80 104
T2173 4 10 36 0 36
T2174 4 34 0 9 63
T2175 4 14 0 101 101
T2176 3 0 7 5
T2177 4 7 55 0 55
T2178 4 80 41 0 42
T2179 4 89 93 0 93
T2180 4 78 0 3 1
T2181 3 0 6 7
T2182 3 38 0 65
T2183 3 27 0 30
T2184 3 0 121 121
T2185 3 0 38 66
T2186 4 120 118 0 121
T2187 4 76 0 15 61
T2188 4 0 104 81 104
T2189 4 81 79 0 104
T2190 4 0 94 108 95
T2191 3 108 0 95
T2192 4 114 0 125 115
T2193 4 0 9 35 8
T2194 4 6 0 5 7
T2195 4 0 34 35 63
T2196 3 0 46 46
T2197 3 0 41 42
T2198 4 0 46 64 40
T2199 4 0 108 108 92
T2200 4 0 47 55 6
T2201 4 0 89 88 88
T2202 3 0 30 33
T2203 4 0 51 57 37
T2204 4 0 3 78 2
T2205 3 0 35 34
T2206 3 8 0 34
T2207 4 44 103 0 45
T2208 4 37 37 0 50
T2209 4 120 0 123 118
T2210 3 0 51 50
T2211 3 0 55 5
T2212 4 10 0 9 63
T2213 4 0 21 17 17
T2214 4 0 74 73 83
T2215 4 0 93 92 95
T2216 3 0 120 119
T2217 4 92 0 94 94
T2218 4 0 41 42 79
T2219 4 88 0 95 108
T2220 3 0 15 61
T2221 4 119 111 0 123
T2222 4 1 1 0 78
T2223 3 42 0 41
T2224 4 104 0 41 79
T2225 4 0 34 63 36
T2226 3 78 0 68
T2227 4 0 72 19 73
T2228 3 0 104 79
T2229 4 58 37 0 58
T2230 3 106 0 82
T2231 3 0 40 65
T2232 4 0 58 57 57
T2233 4 93 92 0 108
T2234 3 112 0 74
T2235 4 8 0 36 9
T2236 4 0 67 68 1
T2237 4 0 59 59 98
T2238 4 95 94 0 93
T2239 4 47 0 6 5
T2240 4 72 0 18 73
T2241 3 0 56 50
T2242 4 0 122 116 124
T2243 4 103 44 0 45
T2244 4 38 40 0 66
T2245 4 41 0 80 104
T2246 4 80 42 0 42
T2247 3 0 100 46
T2248 4 0 40 64 100
T2249 3 0 81 41
T2250 4 41 42 0 42
T2251 3 0 41 80
T2252 3 41 0 81
T2253 4 108 0 92 95
T2254 4 25 0 31 23
T2255 4 79 79 0 81
T2256 4 0 41 79 81
T2257 4 86 0 86 105
T2258 4 34 0 63 35
T2259 4 78 0 78 67
T2260 4 67 2 0 3
T2261 4 86 0 86 53
T2262 4 30 0 26 30
T2263 4 30 30 0 33
T2264 4 35 0 35 36
T2265 4 72 0 73 72
T2266 4 60 0 61 15
T2267 4 0 70 70 113
T2268 4 51 50 0 57
T2269 4 30 33 0 30
T2270 4 125 115 0 122
T2271 3 0 117 125
T2272 4 120 0 126 109
T2273 3 119 0 109
T2274 4 26 0 33 30
T2275 3 0 44 96
T2276 4 37 37 0 57
T2277 4 0 41 80 104
T2278 3 56 0 37
T2279 4 67 0 2 1
T2280 4 0 104 104 79
T2281 3 0 93 89
T2282 4 114 0 124 117
T2283 4 0 117 125 116
T2284 4 16 62 0 75
T2285 4 2 0 3 2
T2286 3 85 0 84
T2287 4 0 49 49 45
T2288 4 97 0 97 97
T2289 4 27 27 0 26
T2290 3 75 0 16
T2291 3 0 93 95
T2292 4 0 64 40 40
T2293 4 65 64 0 40
T2294 3 0 24 24
T2295 4 0 114 122 114
T2296 3 80 0 41
T2297 4 0 94 94 88
T2298 4 0 3 78 78
T2299 3 71 0 53
T2300 4 73 0 83 72
T2301 3 119 0 111
T2302 3 0 19 18
T2303 4 13 0 28 11
T2304 4 70 85 0 86
T2305 3 16 0 61
T2306 4 114 0 124 122
T2307 3 0 75 60
T2308 4 0 47 6 5
T2309 4 21 21 0 21
T2310 3 0 96 59
T2311 4 69 113 0 105
T2312 4 0 117 115 116
T2313 4 69 0 53 113
T2314 4 0 104 79 81
T2315 3 42 0 104
T2316 4 0 51 51 37
T2317 4 92 0 108 93
T2318 4 0 53 71 105
T2319 4 0 53 86 105
T2320 4 0 99 44 99
T2321 4 103 0 49 59
T2322 4 62 15 0 60
T2323 3 0 76 62
T2324 4 5 0 55 5
T2325 4 125 0 115 116
T2326 3 6 0 7
T2327 3 0 49 98
T2328 3 103 0 59
T2329 4 0 124 117 114
T2330 4 117 0 122 125
T2331 4 80 81 0 81
T2332 3 116 0 117
T2333 3 44 0 99
T2334 4 13 0 28 107
T2335 4 0 94 88 93
T2336 3 0 94 89
T2337 4 0 10 9 34
T2338 3 122 0 125
T2339 4 97 0 44 98
T2340 4 41 79 0 81
T2341 4 29 28 0 101
T2342 4 46 0 64 65
T2343 3 0 53 71
T2344 4 11 0 14 28
T2345 3 14 0 101
T2346 4 99 99 0 44
T2347 3 0 65 46
T2348 4 0 69 70 105
T2349 4 0 85 69 71
T2350 4 110 62 0 110
T2351 4 58 0 57 50
T2352 4 0 61 61 16
T2353 3 0 40 39
T2354 4 63 35 0 34
T2355 4 39 64 0 39
T2356 3 97 0 99
T2357 3 0 113 69
T2358 4 12 12 0 14
T2359 4 0 76 76 61
T2360 3 0 95 108
T2361 4 7 6 0 55
T2362 4 44 0 97 49
T2363 4 58 0 56 56
T2364 3 0 76 15
T2365 4 0 2 3 3
T2366 3 0 9 9
T2367 3 71 0 71
T2368 3 0 124 116
T2369 4 28 0 107 101
T2370 4 0 113 85 70
T2371 4 47 0 47 55
T2372 3 0 79 42
T2373 3 39 0 65
T2374 4 116 0 116 124
T2375 4 23 0 25 24
T2376 4 0 114 122 124
T2377 4 0 95 92 95
T2378 4 26 0 26 30
T2379 4 0 46 66 66
T2380 4 0 9 8 34
T2381 4 39 0 64 39
T2382 4 33 0 30 26
T2383 4 104 0 104 104
T2384 4 61 110 0 16
T2385 4 88 88 0 93
T2386 4 92 95 0 93
T2387 3 0 14 11
T2388 3 0 71 71
T2389 4 28 12 0 28
T2390 3 0 65 39
T2391 4 71 0 84 70
T2392 4 68 3 0 1
T2393 4 86 69 0 71
T2394 4 11 14 0 101
T2395 4 14 101 0 101
T2396 4 0 93 95 108
T2397 4 6 0 47 55
T2398 3 0 36 10
T2399 4 0 55 47 6
T2400 4 0 47 7 55
T2401 3 68 0 2
T2402 4 74 0 83 18
T2403 4 0 33 27 27
T2404 3 84 0 69
T2405 4 26 0 27 30
T2406 3 0 77 60
T2407 4 6 7 0 5
T2408 4 26 0 33 27
T2409 4 55 0 7 47
T2410 3 0 55 47
T2411 4 0 73 18 83
T2412 3 126 0 126
T2413 3 0 3 67
T2414 4 111 0 126 123
T2415 4 0 56 37 57
T2416 3 15 0 75
T2417 3 0 14 13
T2418 4 0 99 103 99
T2419 4 33 0 27 33
T2420 4 42 0 81 81
T2421 4 10 35 0 8
T2422 3 0 105 86
T2423 4 106 0 83 83
T2424 4 97 0 45 97
T2425 3 98 0 59
T2426 4 16 0 76 110
T2427 3 74 0 83
T2428 4 0 19 72 74
T2429 4 0 92 95 92
T2430 3 0 57 56
T2431 4 55 0 47 7
T2432 4 77 0 15 62
T2433 4 101 0 12 14
T2434 4 8 0 35 10
T2435 3 89 0 92
T2436 3 92 0 89
T2437 3 118 0 121
T2438 4 56 51 0 57
T2439 4 93 95 0 95
T2440 4 0 88 88 92
T2441 4 0 24 31 31
T2442 4 116 0 116 122
T2443 4 6 47 0 7
T2444 3 88 0 93
T2445 4 0 94 89 88
T2446 4 115 0 124 116
T2447 4 119 119 0 111
T2448 4 112 0 72 106
T2449 4 7 6 0 7
T2450 4 0 65 66 100
T2451 4 80 80 0 80
T2452 3 0 58 37
T2453 4 19 73 0 73
T2454 4 0 6 5 5
T2455 4 60 0 77 76
T2456 4 17 0 20 21
T2457 3 73 0 74
T2458 4 88 95 0 108
T2459 3 63 0 63
T2460 4 20 0 17 21
T2461 4 19 0 18 82
T2462 4 39 0 40 38
T2463 4 40 0 65 66
T2464 3 0 67 1
T2465 4 10 10 0 10
T2466 4 0 34 9 34
T2467 3 109 0 121
T2468 4 26 0 33 26
T2469 4 26 0 27 33
T2470 4 26 26 0 27
T2471 4 59 96 0 45
T2472 4 27 0 30 26
T2473 3 0 30 27
T2474 3 0 34 35
T2475 3 0 97 99
T2476 4 0 28 14 101
T2477 4 115 0 125 116
T2478 3 0 78 78
T2479 3 0 116 116
T2480 4 0 75 60 15
T2481 3 41 0 79
T2482 4 111 126 0 119
T2483 4 16 76 0 61
T2484 3 126 0 121
T2485 4 21 0 20 21
T2486 4 28 0 14 12
T2487 3 0 107 11
T2488 4 72 73 0 83
T2489 3 0 80 79
T2490 4 0 9 34 34
T2491 4 36 0 8 10
T2492 4 0 28 12 14
T2493 4 26 0 26 26
T2494 3 0 98 49
T2495 4 0 100 65 65
T2496 4 58 58 0 50
T2497 4 44 0 98 96
T2498 3 75 0 60
T2499 4 80 79 0 81
T2500 4 112 0 74 82
T2501 4 63 0 35 35
T2502 3 86 0 105
T2503 4 29 101 0 28
T2504 4 1 67 0 67
T2505 3 47 0 5
T2506 4 92 108 0 108
T2507 3 0 18 74
T2508 3 0 10 10
T2509 3 0 16 77
T2510 4 26 33 0 30
T2511 4 0 100 100 40
T2512 4 53 0 70 85
T2513 4 19 106 0 74
T2514 3 15 0 15
T2515 4 0 68 67 3
T2516 4 51 0 56 37
T2517 4 16 60 0 16
T2518 4 88 0 89 93
T2519 4 30 27 0 26
T2520 4 0 33 33 33
T2521 3 0 116 117
T2522 4 29 29 0 12
T2523 4 60 60 0 61
T2524 4 0 18 72 82
T2525 4 0 47 55 47
T2526 3 0 29 11
T2527 4 0 13 11 14
T2528 4 26 27 0 33
T2529 3 0 58 50
T2530 4 0 50 57 57
T2531 4 115 125 0 124
T2532 3 0 77 75
T2533 4 0 96 99 49
T2534 4 0 63 35 63
T2535 3 57 0 51
T2536 3 0 96 97
T2537 3 36 0 63
T2538 3 0 81 81
T2539 4 108 95 0 92
T2540 4 94 93 0 95
T2541 4 81 0 41 80
T2542 4 63 0 35 9
T2543 4 0 10 63 36
T2544 3 109 0 119
T2545 4 75 75 0 75
T2546 4 76 0 15 16
T2547 4 17 20 0 20
T2548 3 0 45 103
T2549 4 46 66 0 39
T2550 4 0 50 37 50
T2551 4 44 0 99 45
T2552 3 123 0 118
T2553 3 13 0 29
T2554 4 28 107 0 12
T2555 3 125 0 116
T2556 4 114 0 114 125
T2557 4 14 29 0 28
T2558 4 84 0 105 105
T2559 4 0 62 110 76
T2560 4 0 85 84 105
T2561 3 0 63 8
T2562 3 0 7 7
T2563 4 7 0 55 5
T2564 3 0 35 9
T2565 4 0 31 25 23
T2566 3 14 0 29
T2567 4 0 76 16 110
T2568 3 0 10 63
T2569 4 0 59 103 59
T2570 4 59 97 0 98
T2571 4 1 78 0 68
T2572 3 0 61 16
T2573 3 0 80 104
T2574 4 0 79 104 104
T2575 4 10 63 0 35
T2576 4 55 6 0 7
T2577 4 34 0 34 36
T2578 3 80 0 81
T2579 4 70 0 86 113
T2580 3 0 49 45
T2581 4 0 24 24 31
T2582 4 0 79 80 41
T2583 4 0 124 125 124
T2584 3 94 0 95
T2585 4 0 5 6 6
T2586 4 103 44 0 99
T2587 4 14 29 0 12
T2588 4 27 0 26 33
T2589 3 0 113 71
T2590 3 0 70 71
T2591 4 0 93 108 94
T2592 4 78 1 0 1
T2593 3 64 0 46
T2594 4 99 0 44 97
T2595 3 0 29 28
T2596 3 0 69 86
T2597 3 125 0 125
T2598 4 0 21 20 21
T2599 4 39 0 66 46
T2600 4 0 94 88 94
T2601 4 15 0 16 110
T2602 4 27 30 0 26
T2603 4 67 0 2 78
T2604 4 78 78 0 3
T2605 4 0 10 8 8
T2606 4 16 110 0 60
T2607 3 95 0 92
T2608 4 107 11 0 11
T2609 3 0 63 35
T2610 3 0 111 109
T2611 4 47 0 5 55
T2612 3 95 0 88
T2613 4 0 41 80 81
T2614 3 111 0 126
T2615 4 0 72 106 19
T2616 4 0 23 24 31
T2617 4 11 29 0 107
T2618 4 99 45 0 59
T2619 4 70 0 84 84
T2620 4 0 59 45 45
T2621 3 0 38 40
T2622 4 31 23 0 31
T2623 3 66 0 46
T2624 4 34 0 8 8
T2625 3 0 6 5
T2626 4 97 99 0 96
T2627 3 0 5 7
T2628 3 10 0 9
T2629 4 0 83 83 74
T2630 4 0 116 124 116
T2631 4 5 0 47 47
T2632 4 10 10 0 35
T2633 4 0 62 62 61
T2634 3 0 77 77
T2635 4 0 78 2 3
T2636 4 15 60 0 60
T2637 4 88 0 108 95
T2638 4 0 28 12 29
T2639 3 0 80 42
T2640 3 0 81 42
T2641 4 82 19 0 106
T2642 4 7 47 0 6
T2643 4 0 33 33 30
T2644 4 0 84 85 86
T2645 4 35 36 0 63
T2646 4 73 18 0 106
T2647 4 5 5 0 7
T2648 4 77 0 75 15
T2649 4 89 0 93 108
T2650 4 36 10 0 36
T2651 4 0 55 5 47
T2652 4 0 9 63 9
T2653 4 31 31 0 25
T2654 4 0 67 68 2
T2655 4 71 0 69 105
T2656 4 0 107 101 14
T2657 4 0 80 104 80
T2658 3 0 35 63
T2659 3 0 60 15
T2660 4 77 75 0 62
T2661 3 0 115 122
T2662 4 50 0 51 51
T2663 4 0 100 46 40
T2664 3 0 39 66
T2665 4 0 16 61 76
T2666 4 101 101 0 28
T2667 4 62 0 60 15
T2668 3 115 0 124
T2669 4 44 0 103 97
T2670 4 83 0 19 74
T2671 4 0 21 21 20
T2672 4 79 79 0 80
T2673 3 68 0 78
T2674 4 0 126 123 126
T2675 4 96 0 98 45
T2676 4 83 106 0 74
T2677 4 0 72 106 112
T2678 4 0 104 41 41
T2679 4 96 59 0 103
T2680 3 82 0 83
T2681 4 60 0 60 77
T2682 4 0 104 42 41
T2683 4 104 42 0 80
T2684 4 0 18 18 82
T2685 3 0 37 56
T2686 4 83 72 0 18
T2687 4 125 125 0 114
T2688 4 124 0 117 117
T2689 3 0 112 83
T2690 4 79 81 0 79
T2691 4 115 0 115 116
T2692 3 0 13 13
T2693 4 91 91 0 91
T2694 3 112 0 82
T2695 4 120 123 0 120
T2696 4 117 125 0 125
T2697 4 0 67 1 67
T2698 4 67 0 3 3
T2699 4 10 63 0 34
T2700 3 100 0 38
T2701 4 65 0 38 66
T2702 3 0 53 70
T2703 4 0 24 31 24
T2704 3 39 0 38
T2705 4 64 38 0 64
T2706 3 0 97 59
T2707 4 0 23 25 31
T2708 4 24 23 0 31
T2709 4 0 99 44 97
T2710 3 0 2 68
T2711 4 0 14 13 13
T2712 4 41 0 80 79
T2713 4 0 94 94 92
T2714 4 13 12 0 29
T2715 4 106 0 74 82
T2716 3 124 0 116
T2717 4 37 56 0 57
T2718 4 56 57 0 56
T2719 3 0 16 62
T2720 4 122 0 115 117
T2721 4 74 0 73 82
T2722 3 14 0 107
T2723 4 0 72 112 112
T2724 4 26 0 30 26
T2725 4 0 96 98 98
T2726 3 0 27 33
T2727 3 0 114 115
T2728 3 0 29 14
T2729 4 40 0 38 65
T2730 3 0 40 38
T2731 4 12 0 107 14
T2732 4 13 0 13 29
T2733 3 11 0 12
T2734 3 0 124 124
T2735 4 0 92 92 92
T2736 4 83 82 0 74
T2737 4 63 34 0 34
T2738 3 58 0 50
T2739 4 31 0 25 24
T2740 4 29 0 29 13
T2741 4 0 112 106 19
T2742 3 112 0 18
T2743 3 1 0 3
T2744 3 99 0 98
T2745 4 115 0 116 117
T2746 4 33 0 27 27
T2747 4 89 89 0 88
T2748 4 51 58 0 58
T2749 4 37 0 37 57
T2750 4 124 0 114 122
T2751 4 30 0 33 30
T2752 3 40 0 40
T2753 4 0 30 27 30
T2754 4 103 0 59 44
T2755 3 0 114 117
T2756 4 116 0 117 125
T2757 4 108 0 108 92
T2758 4 26 33 0 26
T2759 4 56 0 50 56
T2760 4 0 122 117 116
T2761 4 122 0 117 114
T2762 4 0 31 25 31
T2763 3 112 0 112
T2764 4 81 104 0 41
T2765 4 0 65 65 39
T2766 4 89 0 93 95
T2767 4 41 80 0 41
T2768 4 26 27 0 26
T2769 4 24 24 0 23
T2770 4 42 42 0 41
T2771 3 39 0 39
T2772 4 0 36 10 34
T2773 4 1 78 0 78
T2774 4 23 0 25 25
T2775 4 81 41 0 79
T2776 4 27 0 26 26
T2777 3 0 28 12
T2778 4 12 12 0 107
T2779 4 119 0 111 120
T2780 4 0 82 72 82
T2781 4 86 53 0 71
T2782 3 0 85 53
T2783 3 61 0 61
T2784 4 16 0 15 62
T2785 4 15 62 0 77
T2786 4 77 16 0 110
T2787 4 0 89 88 94
T2788 4 0 55 7 6
T2789 4 77 0 76 61
T2790 3 75 0 15
T2791 4 0 40 66 65
T2792 3 0 126 111
T2793 4 47 6 0 6
T2794 3 0 5 55
T2795 4 0 89 92 93
T2796 3 93 0 92
T2797 3 14 0 28
T2798 4 61 0 61 77
T2799 4 77 60 0 62
T2800 4 0 117 125 125
T2801 4 88 0 93 89
T2802 3 29 0 11
T2803 4 100 40 0 39
T2804 4 0 15 110 16
T2805 3 0 118 118
T2806 4 118 121 0 120
T2807 3 0 16 76
T2808 4 77 62 0 15
T2809 4 34 0 10 34
T2810 4 80 80 0 104
T2811 3 107 0 12
T2812 3 0 9 34
T2813 4 88 108 0 88
T2814 4 0 126 121 123
T2815 3 123 0 123
T2816 4 31 25 0 31
T2817 4 0 25 24 25
T2818 4 41 42 0 41
T2819 3 116 0 116
T2820 4 37 57 0 37
T2821 4 0 98 97 44
T2822 4 59 0 49 99
T2823 4 0 124 125 114
T2824 4 0 56 37 56
T2825 3 0 101 12
T2826 4 63 0 10 10
T2827 4 81 81 0 104
T2828 4 81 80 0 80
T2829 4 69 0 69 71
T2830 4 0 93 92 108
T2831 4 0 108 89 88
T2832 4 0 65 65 65
T2833 3 0 39 39
T2834 4 0 66 64 64
T2835 4 30 0 30 26
T2836 4 81 0 42 79
T2837 4 46 0 38 40
T2838 3 0 80 81
T2839 3 0 46 100
T2840 4 0 60 110 75
T2841 3 0 11 14
T2842 4 124 0 124 116
T2843 4 7 5 0 7
T2844 4 47 0 5 7
T2845 3 77 0 75
T2846 4 111 0 126 120
T2847 4 0 12 12 11
T2848 4 56 0 56 58
T2849 4 92 95 0 88
T2850 3 28 0 29
T2851 4 0 95 108 94
T2852 4 123 0 121 119
T2853 4 0 122 115 122
T2854 4 11 13 0 101
T2855 3 0 97 97
T2856 4 88 92 0 95
T2857 4 0 5 55 55
T2858 4 80 80 0 81
T2859 4 51 58 0 51
T2860 3 0 39 40
T2861 4 0 10 34 8
T2862 4 0 118 111 121
T2863 4 37 0 58 56
T2864 3 0 61 76
T2865 3 104 0 41
T2866 4 0 74 106 112
T2867 4 0 14 11 107
T2868 3 0 58 57
T2869 4 77 0 110 60
T2870 4 109 0 120 119
T2871 4 126 118 0 119
T2872 4 0 108 93 89
T2873 4 0 116 115 114
T2874 4 67 0 67 78
T2875 4 100 39 0 100
T2876 4 0 111 119 109
T2877 3 113 0 70
T2878 4 27 0 30 33
T2879 4 0 118 126 111
T2880 3 0 104 42
T2881 4 108 0 89 92
T2882 4 50 0 57 50
T2883 3 70 0 105
T2884 3 123 0 119
T2885 4 121 126 0 121
T2886 3 60 0 77
T2887 3 0 33 26
T2888 4 0 88 93 89
T2889 4 25 0 24 31
T2890 4 0 46 39 38
T2891 4 123 123 0 118
T2892 4 61 62 0 61
T2893 4 0 103 98 44
T2894 4 111 0 120 123
T2895 4 58 56 0 37
T2896 3 113 0 85
T2897 3 76 0 110
T2898 4 94 108 0 92
T2899 3 0 12 13
T2900 4 66 64 0 66
T2901 3 12 0 28
T2902 4 3 0 78 67
T2903 4 109 0 111 123
T2904 3 118 0 126
T2905 4 0 56 50 50
T2906 4 8 0 8 35
T2907 4 120 0 111 123
T2908 4 0 56 56 56
T2909 4 42 81 0 79
T2910 4 72 83 0 74
T2911 4 60 61 0 16
T2912 4 0 58 50 56
T2913 4 15 0 60 110
T2914 3 1 0 78
T2915 4 53 0 105 86
T2916 3 0 45 44
T2917 4 0 35 10 34
T2918 4 99 49 0 44
T2919 4 0 11 11 101
T2920 4 0 36 35 9
T2921 4 34 0 35 9
T2922 4 108 0 108 95
T2923 4 85 53 0 69
T2924 4 0 59 98 96
T2925 4 75 0 15 77
T2926 4 6 6 0 6
T2927 3 110 0 62
T2928 4 0 72 73 72
T2929 4 37 51 0 37
T2930 4 101 0 13 13
T2931 3 100 0 65
T2932 4 115 116 0 114
T2933 4 0 98 44 96
T2934 3 38 0 40
T2935 4 46 38 0 38
T2936 4 76 110 0 110
T2937 4 0 77 110 61
T2938 4 3 0 68 2
T2939 4 59 59 0 97
T2940 4 12 0 14 11
T2941 4 0 59 49 98
T2942 4 0 125 125 116
T2943 3 124 0 122
T2944 3 0 122 115
T2945 4 122 0 114 122
T2946 4 0 99 98 45
T2947 4 21 17 0 20
T2948 4 93 93 0 88
T2949 4 68 67 0 2
T2950 4 24 31 0 23
T2951 4 0 115 125 114
T2952 4 35 10 0 9
T2953 4 2 0 78 78
T2954 4 2 0 68 67
T2955 3 33 0 33
T2956 3 0 72 74
T2957 4 5 47 0 6
T2958 4 0 94 93 108
T2959 4 25 25 0 25
T2960 4 0 125 124 122
T2961 3 0 66 40
T2962 3 0 120 126
T2963 4 61 0 110 62
T2964 4 0 89 108 92
T2965 3 120 0 121
T2966 3 55 0 7
T2967 4 96 0 49 44
T2968 4 0 85 113 85
T2969 3 81 0 42
T2970 4 80 0 81 104
T2971 4 36 8 0 10
T2972 4 8 63 0 35
T2973 4 0 78 2 1
T2974 4 68 68 0 67
T2975 4 59 0 44 49
T2976 4 53 71 0 84
T2977 4 0 7 47 5
T2978 3 16 0 60
T2979 4 61 61 0 61
T2980 3 0 76 110
T2981 4 3 78 0 78
T2982 3 0 64 39
T2983 3 100 0 39
T2984 4 46 66 0 65
T2985 4 0 115 117 117
T2986 4 98 0 99 103
T2987 4 88 0 94 94
T2988 4 0 31 24 24
T2989 4 105 85 0 105
T2990 4 0 51 58 37
T2991 4 56 58 0 57
T2992 4 0 1 2 2
T2993 4 0 92 95 93
T2994 3 0 114 116
T2995 4 0 33 26 27
T2996 4 88 0 108 92
T2997 4 75 61 0 60
T2998 3 0 23 31
T2999 4 0 3 67 78
T3000 4 0 120 118 126
T3001 4 0 18 112 72
T3002 4 26 0 30 33
T3003 4 89 0 89 89
T3004 3 42 0 80
T3005 3 119 0 119
T3006 4 109 0 121 111
T3007 4 124 116 0 116
T3008 4 106 0 112 82
T3009 3 106 0 74
T3010 4 0 15 15 60
T3011 3 0 38 100
T3012 4 118 119 0 119
T3013 4 10 0 34 35
T3014 4 0 93 94 92
T3015 4 55 6 0 55
T3016 4 2 1 0 3
T3017 3 98 0 44
T3018 4 108 92 0 94
T3019 4 0 37 50 56
T3020 4 76 62 0 110
T3021 4 16 0 16 77
T3022 3 108 0 108
T3023 4 64 0 46 46
T3024 3 45 0 96
T3025 3 0 121 119
T3026 4 0 60 15 61
T3027 4 13 28 0 107
T3028 3 0 73 73
T3029 4 0 88 108 93
T3030 3 0 51 58
T3031 3 0 92 93
T3032 3 119 0 126
T3033 4 105 70 0 113
T3034 4 108 0 95 108
T3035 4 0 98 97 99
T3036 3 0 46 64
T3037 3 0 101 14
T3038 4 13 11 0 14
T3039 4 76 16 0 60
T3040 4 0 2 3 68
T3041 4 0 58 37 51
T3042 4 35 63 0 34
T3043 3 0 8 63
T3044 4 0 50 51 50
T3045 4 14 14 0 101
T3046 4 75 77 0 62
T3047 4 37 0 51 58
T3048 4 0 14 107 107
T3049 4 65 0 38 64
T3050 4 23 25 0 25
T3051 4 0 68 67 1
T3052 4 73 106 0 82
T3053 4 34 0 35 34
T3054 4 29 0 101 13
T3055 4 59 49 0 103
T3056 4 0 57 51 56
T3057 4 22 22 0 22
T3058 3 0 88 93
T3059 3 93 0 108
T3060 4 0 40 38 39
T3061 4 0 17 17 21
T3062 3 0 100 40
T3063 4 0 50 37 51
T3064 4 125 124 0 124
T3065 3 0 75 16
T3066 3 75 0 76
T3067 4 115 117 0 115
T3068 4 117 0 122 117
T3069 3 31 0 24
T3070 4 107 28 0 29
T3071 4 5 0 7 7
T3072 3 0 53 113
T3073 4 95 0 92 94
T3074 3 0 3 1
T3075 4 51 0 57 57
T3076 4 0 18 83 18
T3077 3 6 0 55
T3078 4 0 34 10 9
T3079 3 94 0 88
T3080 4 0 89 95 92
T3081 4 6 0 55 47
T3082 3 0 13 107
T3083 4 47 0 5 5
T3084 3 58 0 58
T3085 4 33 0 26 26
T3086 4 124 0 117 115
T3087 3 46 0 66
T3088 4 0 124 124 115
T3089 4 0 124 115 115
T3090 4 28 0 12 101
T3091 4 60 0 76 61
T3092 4 28 0 11 107
T3093 3 0 44 44
T3094 4 68 0 67 67
T3095 4 0 17 20 21
T3096 4 13 101 0 28
T3097 4 0 68 2 68
T3098 3 117 0 114
T3099 3 0 94 108
T3100 3 0 124 114
T3101 4 112 83 0 18
T3102 4 112 19 0 18
T3103 4 51 57 0 57
T3104 4 0 10 35 9
T3105 4 0 10 34 34
T3106 4 84 0 70 53
T3107 3 75 0 61
T3108 4 0 79 104 80
T3109 4 6 0 6 5
T3110 4 74 73 0 19
T3111 4 0 64 38 38
T3112 4 105 0 69 70
T3113 4 88 0 94 108
T3114 3 0 75 61
T3115 3 46 0 65
T3116 4 19 112 0 82
T3117 3 0 37 37
T3118 4 36 0 63 63
T3119 4 0 64 46 46
T3120 4 124 116 0 125
T3121 4 84 0 53 53
T3122 4 92 89 0 88
T3123 4 77 76 0 61
T3124 4 85 86 0 71
T3125 4 84 84 0 84
T3126 4 20 20 0 21
T3127 3 115 0 116
T3128 4 124 124 0 124
T3129 3 0 78 3
T3130 4 0 74 19 106
T3131 4 93 95 0 108
T3132 4 0 62 76 16
T3133 4 125 0 122 116
T3134 4 3 2 0 1
T3135 3 79 0 79
T3136 4 0 23 31 24
T3137 4 122 115 0 114
T3138 4 57 0 37 37
T3139 3 13 0 11
T3140 4 89 89 0 95
T3141 4 0 51 58 50
T3142 4 25 0 24 25
T3143 4 83 0 19 106
T3144 4 3 0 78 1
T3145 4 50 0 37 50
T3146 4 117 0 117 115
T3147 3 42 0 81
T3148 4 25 24 0 24
T3149 4 0 100 100 64
T3150 4 101 11 0 14
T3151 4 0 108 89 92
T3152 4 0 78 1 68
T3153 3 93 0 93
T3154 4 31 0 24 23
T3155 4 67 2 0 1
T3156 3 0 115 115
T3157 4 0 68 67 68
T3158 4 7 0 47 55
T3159 4 0 108 93 94
T3160 4 85 85 0 85
T3161 3 9 0 10
T3162 3 72 0 73
T3163 4 13 11 0 29
T3164 3 0 81 80
T3165 4 29 13 0 11
T3166 4 44 98 0 44
T3167 4 10 36 0 34
T3168 4 13 11 0 28
T3169 4 0 72 82 83
T3170 4 0 25 31 24
T3171 4 104 0 81 80
T3172 4 42 79 0 104
T3173 3 46 0 39
T3174 4 0 3 68 1
T3175 4 15 110 0 110
T3176 4 124 0 114 115
T3177 4 11 101 0 107
T3178 3 11 0 107
T3179 4 6 0 6 47
T3180 4 0 3 1 78
T3181 4 119 0 118 121
T3182 4 121 109 0 109
T3183 4 46 0 38 65
T3184 4 102 0 54 54
T3185 3 0 57 58
T3186 4 101 13 0 13
T3187 4 55 0 47 5
T3188 4 123 0 121 111
T3189 3 0 70 69
T3190 4 47 5 0 55
T3191 4 35 10 0 35
T3192 3 45 0 98
T3193 3 0 66 65
T3194 4 5 6 0 6
T3195 4 44 99 0 96
T3196 4 0 112 112 18
T3197 4 0 68 1 68
T3198 4 33 26 0 26
T3199 4 18 106 0 19
T3200 3 0 8 36
T3201 4 119 119 0 126
T3202 4 0 2 1 67
T3203 4 86 113 0 113
T3204 4 0 6 6 7
T3205 3 0 46 39
T3206 4 25 25 0 24
T3207 4 0 19 72 73
T3208 4 7 5 0 5
T3209 4 85 0 53 113
T3210 4 55 7 0 7
T3211 3 85 0 86
T3212 3 0 79 81
T3213 4 0 68 2 3
T3214 4 0 23 31 25
T3215 4 66 65 0 65
T3216 3 74 0 112
T3217 4 81 0 42 42
T3218 4 0 95 95 92
T3219 4 64 46 0 46
T3220 4 71 0 105 105
T3221 4 13 11 0 11
T3222 3 82 0 74
T3223 4 13 0 28 101
T3224 4 0 73 72 83
T3225 3 0 19 72
T3226 4 0 62 77 61
T3227 4 75 75 0 61
T3228 4 0 67 78 1
T3229 4 0 110 16 76
T3230 3 0 72 83
T3231 4 0 85 69 70
T3232 3 85 0 71
T3233 4 119 0 111 121
T3234 4 55 0 5 6
T3235 4 0 79 79 104
T3236 3 0 65 38
T3237 3 69 0 85
T3238 4 0 101 107 107
T3239 4 0 112 18 19
T3240 4 0 72 74 82
T3241 3 0 126 126
T3242 4 38 46 0 65
T3243 4 0 11 14 101
T3244 4 64 0 39 100
T3245 3 0 74 74
T3246 4 0 74 82 73
T3247 4 0 70 70 84
T3248 4 0 114 117 114
T3249 3 113 0 69
T3250 3 0 5 47
T3251 3 100 0 66
T3252 4 51 57 0 37
T3253 4 104 0 79 41
T3254 3 0 46 38
T3255 4 0 73 106 74
T3256 3 104 0 80
T3257 4 79 0 80 104
T3258 4 0 104 104 42
T3259 4 6 5 0 6
T3260 4 104 0 80 81
T3261 4 0 80 104 104
T3262 3 113 0 53
T3263 4 7 7 0 55
T3264 4 0 7 7 47
T3265 4 0 72 112 83
T3266 4 114 0 115 124
T3267 3 0 107 29
T3268 4 0 55 5 55
T3269 4 0 81 79 80
T3270 4 0 56 57 56
T3271 4 81 42 0 81
T3272 4 33 26 0 33
T3273 4 74 0 18 106
T3274 4 17 17 0 17
T3275 4 69 71 0 85
T3276 3 39 0 100
T3277 4 78 0 67 3
T3278 4 0 123 120 109
T3279 4 16 15 0 75
T3280 3 0 66 38
T3281 4 73 82 0 83
T3282 4 9 34 0 9
T3283 3 0 64 66
T3284 4 47 0 55 7
T3285 4 0 114 124 114
T3286 4 104 104 0 79
T3287 4 1 2 0 2
T3288 4 6 5 0 47
T3289 4 78 68 0 1
T3290 4 3 78 0 2
T3291 4 0 27 30 33
T3292 4 0 106 74 74
T3293 4 47 0 47 5
T3294 4 0 110 61 60
T3295 4 126 0 120 120
T3296 4 0 71 53 86
T3297 4 0 96 99 44
T3298 4 98 96 0 45
T3299 3 46 0 64
T3300 4 35 0 9 8
T3301 4 120 0 109 126
T3302 4 109 0 126 119
T3303 4 0 7 47 47
T3304 3 0 95 89
T3305 4 0 7 55 6
T3306 3 106 0 106
T3307 4 83 112 0 19
T3308 4 0 7 5 47
T3309 4 82 0 19 74
T3310 4 0 35 35 34
T3311 4 21 21 0 17
T3312 4 94 0 88 93
T3313 4 0 60 15 76
T3314 4 112 72 0 72
T3315 4 0 58 50 37
T3316 4 110 75 0 76
T3317 3 0 79 104
T3318 4 0 56 57 51
T3319 4 0 82 106 72
T3320 4 41 0 79 79
T3321 4 81 0 80 104
T3322 3 0 118 109
T3323 3 0 28 29
T3324 4 101 14 0 28
T3325 4 0 120 121 111
T3326 4 42 0 80 42
T3327 3 108 0 89
T3328 4 126 119 0 126
T3329 4 0 14 101 107
T3330 4 41 42 0 104
T3331 4 42 42 0 79
T3332 4 50 0 50 50
T3333 4 51 57 0 51
T3334 3 0 99 96
T3335 3 0 71 84
T3336 4 0 40 46 40
T3337 4 112 18 0 82
T3338 4 10 10 0 36
T3339 4 0 74 72 19
T3340 4 80 0 104 104
T3341 4 2 0 3 3
T3342 4 0 68 78 67
T3343 4 126 0 109 123
T3344 4 0 83 112 19
T3345 4 31 24 0 31
T3346 4 0 58 56 56
T3347 3 111 0 109
T3348 4 6 6 0 7
T3349 4 86 0 105 70
T3350 4 0 111 109 119
T3351 3 0 123 121
T3352 3 0 42 42
T3353 4 85 0 113 69
T3354 4 88 94 0 89
T3355 4 74 0 72 106
T3356 4 44 99 0 99
T3357 4 0 79 41 80
T3358 3 0 120 123
T3359 3 6 0 47
T3360 3 62 0 15
T3361 3 0 15 16
T3362 4 0 126 111 126
T3363 3 118 0 119
T3364 3 121 0 120
T3365 3 0 126 123
T3366 4 5 0 6 47
T3367 4 50 50 0 51
T3368 4 59 45 0 45
T3369 4 24 24 0 24
T3370 4 0 103 59 99
T3371 4 111 126 0 121
T3372 4 5 0 47 6
T3373 4 120 0 120 120
T3374 4 73 18 0 18
T3375 4 18 0 82 83
T3376 4 0 82 18 82
T3377 4 61 60 0 62
T3378 3 12 0 11
T3379 4 0 36 8 8
T3380 4 25 31 0 31
T3381 3 0 8 9
T3382 3 77 0 60
T3383 4 103 96 0 59
T3384 4 57 37 0 37
T3385 3 121 0 121
T3386 4 0 3 68 3
T3387 4 73 73 0 82
T3388 4 25 24 0 23
T3389 4 118 109 0 121
T3390 3 0 51 37
T3391 4 74 0 19 18
T3392 4 16 15 0 61
T3393 3 0 112 82
T3394 3 16 0 16
T3395 3 63 0 10
T3396 3 0 19 74
T3397 4 10 9 0 34
T3398 4 0 66 64 65
T3399 4 0 47 6 6
T3400 4 35 35 0 9
T3401 4 118 0 111 109
T3402 3 60 0 16
