0 3403 3403 0.000000
1 97 82 3.713866
2 82 71 3.856040
3 88 80 3.738257
4 14 6 6.186796
5 100 85 3.678359
6 106 87 3.655370
7 100 85 3.678359
8 67 58 4.055169
9 73 66 3.928014
10 90 78 3.763259
11 83 73 3.828641
12 73 69 3.884211
13 82 73 3.828641
14 81 71 3.856040
15 76 72 3.842247
16 82 75 3.801973
17 69 51 4.181463
18 57 53 4.143722
19 52 51 4.181463
20 74 54 4.125373
21 70 51 4.181463
22 45 28 4.765411
23 75 63 3.973823
24 84 66 3.928014
25 87 68 3.898600
26 113 84 3.690055
27 90 74 3.815218
28 77 73 3.828641
29 71 63 3.973823
30 105 81 3.725987
31 95 72 3.842247
32 14 6 6.186796
33 99 81 3.725987
34 84 73 3.828641
35 87 78 3.763259
36 68 60 4.021833
37 87 76 3.788901
38 59 51 4.181463
39 61 52 4.162415
40 66 58 4.055169
41 68 60 4.021833
42 81 64 3.958319
43 14 6 6.186796
44 77 65 3.943052
45 54 49 4.220683
46 68 61 4.005572
47 101 86 3.666798
48 14 6 6.186796
49 54 51 4.181463
50 87 74 3.815218
51 82 70 3.870027
52 45 28 4.765411
53 51 50 4.200881
54 45 28 4.765411
55 105 87 3.655370
56 90 73 3.828641
57 81 74 3.815218
58 88 77 3.775998
59 71 63 3.973823
60 77 71 3.856040
61 85 77 3.775998
62 72 68 3.898600
63 79 70 3.870027
64 63 57 4.072263
65 66 56 4.089655
66 52 48 4.240886
67 86 74 3.815218
68 91 79 3.750680
69 55 51 4.181463
70 54 52 4.162415
71 57 51 4.181463
72 70 64 3.958319
73 72 64 3.958319
74 70 65 3.943052
75 78 70 3.870027
76 71 65 3.943052
77 78 71 3.856040
78 90 79 3.750680
79 67 56 4.089655
80 71 64 3.958319
81 70 62 3.989572
82 59 54 4.125373
83 58 56 4.089655
84 54 47 4.261505
85 63 57 4.072263
86 64 58 4.055169
87 14 6 6.186796
88 86 78 3.763259
89 69 60 4.021833
90 45 28 4.765411
91 45 28 4.765411
92 83 75 3.801973
93 81 76 3.788901
94 76 67 3.913199
95 85 74 3.815218
96 45 43 4.348517
97 51 46 4.282559
98 62 58 4.055169
99 63 57 4.072263
100 58 50 4.200881
101 78 71 3.856040
102 45 28 4.765411
103 52 48 4.240886
104 78 64 3.958319
105 64 58 4.055169
106 58 54 4.125373
107 64 58 4.055169
108 79 70 3.870027
109 52 46 4.282559
110 69 63 3.973823
111 62 56 4.089655
112 71 63 3.973823
113 56 53 4.143722
114 69 61 4.005572
115 75 67 3.913199
116 86 72 3.842247
117 73 62 3.989572
118 54 49 4.220683
119 70 64 3.958319
120 58 53 4.143722
121 55 51 4.181463
122 71 62 3.989572
123 56 53 4.143722
124 75 64 3.958319
125 64 58 4.055169
126 55 49 4.220683
