0 467 451 4.706056
1 455 444 4.721664
2 511 499 4.605130
3 439 427 4.760615
4 49997 49997 0.000000
5 983 983 3.928112
6 449 438 4.735239
7 496 483 4.637653
8 988 988 3.923044
9 969 969 3.942442
10 463 450 4.708271
11 496 488 4.627376
12 1046 1046 3.866054
13 1001 1001 3.909985
14 922 922 3.992109
15 4973 4195 2.477851
16 615 597 4.426148
17 1047 1047 3.865099
18 979 979 3.932186
19 1013 1013 3.898080
20 1081 1019 3.892180
21 4898 4159 2.486468
22 971 912 4.003002
23 984 984 3.927097
24 992 948 3.964329
25 974 974 3.937301
26 2527 2000 3.218336
27 397 388 4.856159
28 1061 1061 3.851829
29 436 423 4.770005
30 2529 1991 3.222844
31 1018 1018 3.893161
32 608 595 4.429498
33 2548 2010 3.213351
34 618 609 4.406279
35 608 601 4.419481
36 1017 1017 3.894143
37 415 409 4.803581
38 589 562 4.486459
39 994 994 3.916996
40 1007 1007 3.904015
41 633 615 4.396491
42 1020 1020 3.891200
43 618 608 4.407920
44 978 978 3.933207
45 597 588 4.441312
46 614 607 4.409563
47 581 572 4.468853
48 479 471 4.662759
49 479 469 4.667006
50 5014 4227 2.470254
51 1005 1005 3.906001
52 4990 4220 2.471911
53 512 502 4.599148
54 983 983 3.928112
55 1018 1018 3.893161
56 392 390 4.851031
57 593 570 4.472349
58 564 546 4.515289
59 420 411 4.798715
60 444 430 4.753630
61 593 571 4.470599
62 604 581 4.453268
63 384 379 4.879567
64 614 595 4.429498
65 442 436 4.739805
66 1039 1039 3.872762
67 1032 1032 3.879516
68 525 511 4.581414
69 458 443 4.723914
70 1069 1069 3.844324
71 416 413 4.793872
72 1029 1029 3.882424
73 1027 1027 3.884368
74 1024 1024 3.887290
75 664 641 4.355150
76 373 361 4.928094
77 986 986 3.925068
78 623 612 4.401373
79 389 373 4.895482
80 969 969 3.942442
81 642 626 4.378792
82 340 331 5.014603
83 974 974 3.937301
84 633 613 4.399743
85 398 383 4.869096
86 961 961 3.950724
87 947 947 3.965384
88 475 461 4.684173
89 448 438 4.735239
90 1000 1000 3.910984
91 994 994 3.916996
92 428 419 4.779484
93 491 471 4.662759
94 427 413 4.793872
95 496 490 4.623294
96 488 483 4.637653
97 312 303 5.102711
98 625 610 4.404641
99 1014 1014 3.897094
100 1035 1035 3.876616
101 601 591 4.436232
102 308 303 5.102711
103 602 594 4.431177
104 589 571 4.470599
105 982 982 3.929129
106 999 999 3.911983
107 991 991 3.920015
108 440 436 4.739805
109 983 983 3.928112
110 500 493 4.617203
111 457 446 4.717180
112 462 459 4.688512
113 1017 1017 3.894143
114 474 460 4.686340
115 481 476 4.652222
116 507 498 4.607132
117 439 430 4.753630
118 464 457 4.692869
119 942 942 3.970672
120 1047 1047 3.865099
121 468 460 4.686340
122 630 615 4.396491
123 443 437 4.737519
124 631 619 4.390019
125 483 467 4.671270
126 434 417 4.784257
127 466 455 4.697245
128 469 451 4.706056
129 980 980 3.931166
130 3093 2623 2.947283
131 1014 1014 3.897094
132 1032 1032 3.879516
133 3192 2682 2.925047
134 998 998 3.912984
135 1004 1004 3.906995
136 3054 2592 2.959167
137 3201 2669 2.929905
138 620 600 4.421143
139 690 666 4.316948
140 615 599 4.422809
141 692 671 4.309480
142 982 982 3.929129
143 641 627 4.377198
144 417 409 4.803581
145 494 488 4.627376
146 453 438 4.735239
147 1025 1025 3.886315
148 496 488 4.627376
149 651 640 4.356709
150 663 644 4.350488
151 637 616 4.394869
152 632 613 4.399743
153 650 635 4.364540
154 641 624 4.381987
155 618 603 4.416164
156 444 432 4.749001
157 436 423 4.770005
158 446 427 4.760615
159 1000 1000 3.910984
160 470 450 4.708271
161 1000 1000 3.910984
162 1038 1038 3.873724
163 1013 1013 3.898080
164 473 458 4.690688
165 434 430 4.753630
166 1007 1007 3.904015
167 463 451 4.706056
168 445 439 4.732964
169 992 992 3.919008
170 961 961 3.950724
171 1010 1010 3.901043
172 427 418 4.781867
173 468 457 4.692869
174 536 517 4.569763
175 1106 1106 3.810329
176 1027 1027 3.884368
177 991 991 3.920015
178 648 633 4.367689
179 498 486 4.631474
180 468 460 4.686340
181 958 958 3.953847
182 462 453 4.701641
183 631 610 4.404641
184 480 470 4.664880
185 1018 1018 3.893161
186 486 478 4.648038
187 936 936 3.977055
188 995 939 3.973858
189 989 989 3.922033
190 987 987 3.924056
191 410 396 4.835802
192 996 996 3.914988
193 437 427 4.760615
194 1007 1007 3.904015
195 398 389 4.853592
196 371 365 4.917105
197 338 330 5.017620
198 678 663 4.321456
199 621 609 4.406279
200 1032 1032 3.879516
201 451 438 4.735239
202 460 453 4.701641
203 994 994 3.916996
204 445 439 4.732964
205 984 984 3.927097
206 510 504 4.595180
207 1006 1006 3.905007
208 982 928 3.985630
209 1008 1008 3.903023
210 969 969 3.942442
211 616 587 4.443011
212 569 556 4.497173
213 539 529 4.546861
214 978 978 3.933207
215 635 621 4.386798
216 661 643 4.352040
217 631 613 4.399743
218 587 577 4.460164
219 496 485 4.633530
220 982 982 3.929129
221 590 586 4.444713
222 1015 1015 3.896110
223 985 932 3.981333
224 994 942 3.970672
225 997 997 3.913985
226 410 401 4.823286
227 988 988 3.923044
228 592 585 4.446418
229 636 621 4.386798
230 614 602 4.417821
231 618 598 4.424477
232 598 591 4.436232
233 384 379 4.879567
234 999 999 3.911983
235 626 616 4.394869
236 644 624 4.381987
237 663 639 4.358270
238 638 624 4.381987
239 599 583 4.449837
240 1026 1026 3.885341
241 357 349 4.961805
242 569 564 4.482913
243 628 605 4.412858
244 1030 1030 3.881454
245 384 379 4.879567
246 638 622 4.385192
247 414 405 4.813385
248 531 519 4.565909
249 533 518 4.567834
250 989 989 3.922033
251 337 329 5.020646
252 1007 1007 3.904015
253 478 468 4.669136
254 410 395 4.838324
255 975 975 3.936276
256 426 414 4.791460
257 973 973 3.938327
258 475 452 4.703846
259 515 508 4.587290
260 1007 1007 3.904015
261 962 904 4.011803
262 980 980 3.931166
263 547 531 4.543095
264 966 966 3.945540
265 612 597 4.426148
266 611 600 4.421143
267 968 968 3.943474
268 416 411 4.798715
269 367 360 4.930860
270 1028 1028 3.883396
271 418 405 4.813385
272 443 428 4.758281
273 469 450 4.708271
274 463 445 4.719419
275 601 582 4.451551
276 390 382 4.871703
277 615 600 4.421143
278 989 989 3.922033
279 974 974 3.937301
280 431 423 4.770005
281 1005 1005 3.906001
282 657 643 4.352040
283 324 318 5.054547
284 567 557 4.495379
285 360 350 4.958952
286 517 500 4.603132
287 409 405 4.813385
288 354 336 4.999655
289 371 359 4.933634
290 362 346 4.970414
291 636 608 4.407920
292 590 567 4.477617
293 620 597 4.426148
294 509 499 4.605130
295 565 554 4.500770
296 479 451 4.706056
297 438 430 4.753630
298 387 383 4.869096
299 897 851 4.072152
300 350 343 4.979097
301 401 392 4.845929
302 398 389 4.853592
303 370 360 4.930860
304 353 344 4.976194
305 431 419 4.779484
306 484 471 4.662759
307 634 620 4.388407
308 531 522 4.560157
309 655 632 4.369268
310 459 445 4.719419
311 1015 958 3.953847
312 620 606 4.411209
313 418 408 4.806023
314 641 629 4.374018
315 602 588 4.441312
316 987 987 3.924056
317 659 634 4.366113
318 583 575 4.463631
319 992 992 3.919008
320 448 436 4.739805
321 428 409 4.803581
322 465 444 4.721664
323 315 308 5.086397
324 602 589 4.439616
325 614 593 4.432859
326 320 304 5.099427
327 331 323 5.038995
328 313 303 5.102711
329 595 584 4.448126
330 963 963 3.948647
331 468 447 4.714945
332 415 400 4.825777
333 983 983 3.928112
334 334 326 5.029778
335 1002 1002 3.908987
336 619 599 4.422809
337 509 503 4.597162
338 648 629 4.374018
339 406 403 4.818323
340 614 608 4.407920
341 289 284 5.167249
342 311 307 5.089639
343 631 618 4.391633
344 595 584 4.448126
345 618 608 4.407920
346 436 435 4.742096
347 625 618 4.391633
348 406 397 4.833286
349 320 315 5.063996
350 316 309 5.083166
351 335 323 5.038995
352 618 609 4.406279
353 369 364 4.919841
354 403 385 4.863901
355 957 957 3.954891
356 975 903 4.012909
357 311 303 5.102711
358 611 601 4.419481
359 634 627 4.377198
360 314 308 5.086397
361 995 932 3.981333
362 504 496 4.611148
363 583 567 4.477617
364 576 561 4.488236
365 294 286 5.160256
366 328 315 5.063996
367 591 567 4.477617
368 306 300 5.112628
369 476 469 4.667006
370 405 403 4.818323
371 600 581 4.453268
372 497 489 4.625333
373 367 365 4.917105
374 368 363 4.922584
375 378 371 4.900844
376 464 435 4.742096
377 490 468 4.669136
378 445 437 4.737519
379 398 388 4.856159
380 452 437 4.737519
381 353 346 4.970414
382 478 465 4.675553
383 341 330 5.017620
384 643 624 4.381987
385 623 615 4.396491
386 657 642 4.353594
387 617 594 4.431177
388 495 492 4.619229
389 354 344 4.976194
390 662 643 4.352040
391 474 464 4.677701
392 530 512 4.579462
393 639 622 4.385192
394 318 306 5.092891
395 612 609 4.406279
396 483 473 4.658531
397 452 441 4.728428
398 379 372 4.898160
399 435 429 4.755953
400 624 612 4.401373
401 417 407 4.808471
402 370 365 4.917105
403 415 412 4.796291
404 307 300 5.112628
405 327 320 5.048297
406 487 475 4.654320
407 403 395 4.838324
408 447 437 4.737519
409 517 505 4.593202
410 616 605 4.412858
411 325 319 5.051417
412 480 471 4.662759
413 359 342 4.982008
414 327 318 5.054547
415 642 621 4.386798
416 315 310 5.079945
417 363 349 4.961805
418 589 570 4.472349
419 414 410 4.801145
420 403 403 4.818323
421 441 430 4.753630
422 588 574 4.465368
