0 214 211 5.463112
1 49995 49995 0.000000
2 1025 1025 3.886275
3 606 601 4.419441
4 616 606 4.411169
5 223 218 5.430627
6 590 579 4.456670
7 980 980 3.931126
8 1033 1033 3.878508
9 212 211 5.463112
10 1054 1054 3.858402
11 548 541 4.524432
12 205 198 5.526393
13 985 985 3.926042
14 16517 8333 1.791599
15 595 582 4.451511
16 999 999 3.911943
17 650 640 4.356669
18 582 569 4.474062
19 595 583 4.449797
20 625 608 4.407880
21 638 625 4.380348
22 993 993 3.917961
23 605 597 4.426108
24 639 628 4.375567
25 658 647 4.345808
26 1021 1021 3.890182
27 1023 1023 3.888226
28 985 985 3.926042
29 685 662 4.322923
30 9934 7013 1.964035
31 379 369 4.906195
32 1006 1006 3.904967
33 365 359 4.933594
34 1025 1025 3.886275
35 300 297 5.122605
36 1040 1040 3.871761
37 350 336 4.999615
38 307 301 5.109271
39 614 600 4.421103
40 569 555 4.498930
41 987 987 3.924016
42 4903 4170 2.483787
43 959 959 3.952765
44 418 408 4.805983
45 431 416 4.786612
46 992 992 3.918968
47 985 985 3.926042
48 580 571 4.470559
49 595 586 4.444673
50 605 594 4.431137
51 430 413 4.793832
52 991 991 3.919975
53 566 557 4.495339
54 429 419 4.779444
55 940 940 3.972755
56 351 342 4.981968
57 9989 7052 1.958490
58 1001 1001 3.909945
59 351 346 4.970374
60 5006 4220 2.471871
61 971 971 3.940342
62 4975 4224 2.470924
63 448 432 4.748961
64 434 419 4.779444
65 1048 1048 3.864106
66 1075 1075 3.838693
67 948 948 3.964289
68 447 433 4.746654
69 937 937 3.975948
70 311 304 5.099387
71 330 325 5.032801
72 982 982 3.929089
73 992 992 3.918968
74 577 559 4.491761
75 609 592 4.434504
76 306 299 5.115916
77 323 315 5.063956
78 307 301 5.109271
79 1033 1033 3.878508
80 1010 1010 3.901003
81 595 584 4.448086
82 978 978 3.933167
83 287 279 5.184909
84 289 287 5.156738
85 1322 1215 3.716376
86 959 959 3.952765
87 1305 1217 3.714733
88 324 314 5.067126
89 997 997 3.913945
90 1255 1174 3.750675
91 989 989 3.921993
92 976 976 3.935212
93 381 370 4.903496
94 366 357 4.939165
95 1009 1009 3.901993
96 352 344 4.976154
97 309 304 5.099387
98 342 329 5.020606
99 1009 1009 3.901993
100 596 575 4.463591
101 306 299 5.115916
102 1068 1068 3.845219
103 1003 1003 3.907951
104 313 310 5.079905
105 318 311 5.076695
106 948 948 3.964289
107 981 937 3.975948
108 1054 1054 3.858402
109 308 304 5.099387
110 4964 4175 2.482589
111 343 340 4.987816
112 979 979 3.932146
113 972 972 3.939314
114 590 577 4.460124
115 343 336 4.999615
116 1001 1001 3.909945
117 354 353 4.950401
118 951 951 3.961133
119 1023 1023 3.888226
120 988 988 3.923004
121 999 999 3.911943
122 957 957 3.954851
123 627 612 4.401333
124 677 649 4.342726
125 683 666 4.316908
126 705 685 4.288821
127 986 986 3.925028
128 1062 1062 3.850848
129 556 543 4.520749
130 361 353 4.950401
131 646 633 4.367649
132 985 985 3.926042
133 984 984 3.927057
134 570 561 4.488196
135 584 572 4.468813
136 314 307 5.089598
137 552 533 4.539302
138 960 960 3.951724
139 604 594 4.431137
140 579 572 4.468813
141 579 559 4.491761
142 528 518 4.567794
143 579 570 4.472309
144 590 576 4.461856
145 588 568 4.475818
146 1071 1071 3.842417
147 582 570 4.472309
148 562 543 4.520749
149 614 608 4.407880
150 682 661 4.324433
151 1093 1093 3.822102
152 647 628 4.375567
153 1019 1019 3.892140
154 1005 951 3.961133
155 983 915 3.999682
156 962 904 4.011763
157 966 966 3.945500
158 965 920 3.994238
159 970 911 4.004058
160 990 990 3.920984
161 318 311 5.076695
162 274 271 5.213896
163 336 329 5.020606
164 274 271 5.213896
165 265 262 5.247544
166 293 286 5.160216
167 1022 1022 3.889204
168 331 328 5.023641
169 305 301 5.109271
170 1295 1211 3.719671
171 332 329 5.020606
172 321 317 5.057647
173 1014 1014 3.897054
174 1018 1018 3.893121
175 1056 1056 3.856508
176 1021 1021 3.890182
177 349 339 4.990753
178 978 978 3.933167
179 348 338 4.993698
180 1013 1013 3.898040
181 308 303 5.102671
182 602 586 4.444673
183 1345 1249 3.688799
184 586 574 4.465328
185 979 979 3.932146
186 956 956 3.955895
187 574 563 4.484644
188 275 266 5.232450
189 1306 1216 3.715554
190 1011 1011 3.900014
191 299 295 5.129339
192 320 313 5.070305
193 979 979 3.932146
194 327 320 5.048257
195 578 569 4.474062
196 350 342 4.981968
197 333 330 5.017580
198 309 304 5.099387
199 295 290 5.146375
200 290 283 5.170724
201 1050 1050 3.862201
202 979 932 3.981293
203 993 993 3.917961
204 561 537 4.531840
205 593 580 4.454948
206 546 533 4.539302
207 1026 1026 3.885301
208 595 578 4.458396
209 1035 1035 3.876576
210 956 956 3.955895
211 990 990 3.920984
212 979 979 3.932146
213 348 339 4.990753
214 373 365 4.917065
215 987 987 3.924016
216 333 322 5.042046
217 955 900 4.016193
218 991 933 3.980222
219 985 940 3.972755
220 1041 981 3.930107
221 573 568 4.475818
222 317 310 5.079905
223 319 315 5.063956
224 281 279 5.184909
225 982 982 3.929089
226 309 303 5.102671
227 972 972 3.939314
228 1001 1001 3.909945
229 604 583 4.449797
230 561 541 4.524432
231 565 542 4.522589
232 652 631 4.370809
233 595 591 4.436192
234 565 546 4.515249
235 580 559 4.491761
236 337 332 5.011556
237 407 394 4.840813
238 437 421 4.774693
239 424 410 4.801105
240 661 632 4.369228
241 1023 1023 3.888226
242 578 567 4.477577
243 992 992 3.918968
244 986 986 3.925028
245 277 270 5.217579
246 306 300 5.112588
247 285 279 5.184909
248 1354 1236 3.699254
249 1000 1000 3.910944
250 277 266 5.232450
251 1319 1222 3.710636
252 924 924 3.989905
253 557 536 4.533700
254 330 322 5.042046
255 296 293 5.136119
256 1010 1010 3.901003
257 1054 1054 3.858402
258 297 284 5.167209
259 329 320 5.048257
260 986 986 3.925028
261 359 354 4.947580
262 420 410 4.801105
263 599 587 4.442971
264 566 564 4.482873
265 585 575 4.463591
266 243 238 5.343235
267 596 588 4.441272
268 197 195 5.541584
269 226 220 5.421536
270 631 618 4.391593
271 223 217 5.435203
272 303 297 5.122605
273 615 605 4.412818
274 624 617 4.393210
275 220 219 5.426071
276 203 198 5.526393
277 605 585 4.446378
278 577 556 4.497133
279 587 573 4.467069
280 273 270 5.217579
281 577 558 4.493549
282 648 627 4.377158
283 289 282 5.174251
284 256 244 5.318440
285 288 281 5.177791
286 272 270 5.217579
287 313 303 5.102671
288 602 591 4.436192
289 290 285 5.163706
290 346 337 4.996652
291 1027 1027 3.884328
292 666 652 4.338121
293 1027 1027 3.884328
294 305 300 5.112588
295 1069 1069 3.844284
296 314 308 5.086357
297 318 312 5.073495
298 208 204 5.496688
299 199 195 5.541584
300 354 343 4.979057
301 233 229 5.381619
302 379 376 4.887453
303 428 409 4.803541
304 587 576 4.461856
305 1006 1006 3.904967
306 452 426 4.762914
307 471 456 4.695015
308 376 371 4.900804
309 203 200 5.516393
310 384 374 4.892772
311 992 992 3.918968
312 311 306 5.092851
313 308 300 5.112588
314 557 544 4.518912
315 358 353 4.950401
316 1000 1000 3.910944
317 958 958 3.953807
318 1345 1253 3.685605
319 230 223 5.408052
320 597 589 4.439576
321 227 222 5.412527
322 198 196 5.536495
323 190 187 5.583256
324 188 186 5.588590
325 304 296 5.125966
326 348 342 4.981968
327 227 220 5.421536
328 338 332 5.011556
329 1033 1033 3.878508
330 620 607 4.409523
331 587 572 4.468813
332 325 321 5.045147
333 596 583 4.449797
334 436 419 4.779444
335 438 422 4.772326
336 657 636 4.362929
337 331 327 5.026685
338 276 273 5.206570
339 982 982 3.929089
340 469 446 4.717140
341 1004 1004 3.906955
342 294 288 5.153272
343 297 294 5.132723
344 315 312 5.073495
345 664 640 4.356669
346 567 550 4.507963
347 970 970 3.941372
348 578 562 4.486419
349 576 560 4.489977
350 277 270 5.217579
351 287 279 5.184909
352 706 673 4.306468
353 310 299 5.115916
354 1052 987 3.924016
355 312 305 5.096113
356 189 185 5.593952
357 359 353 4.950401
358 197 195 5.541584
359 200 197 5.531431
360 276 272 5.210226
361 267 261 5.251354
362 210 209 5.472591
363 371 363 4.922544
364 187 184 5.599342
365 304 298 5.119255
366 626 619 4.389979
367 269 263 5.243749
368 329 322 5.042046
369 300 293 5.136119
370 425 408 4.805983
371 676 654 4.335063
372 667 642 4.353554
373 675 650 4.341189
374 584 570 4.472309
375 352 347 4.967496
376 337 331 5.014563
377 661 646 4.347352
378 346 341 4.984888
379 1019 1019 3.892140
380 343 337 4.996652
381 205 200 5.516393
382 589 574 4.465328
383 703 669 4.312421
384 644 626 4.378752
385 313 309 5.083126
386 315 310 5.079905
387 623 612 4.401333
388 287 278 5.188486
389 617 603 4.416124
390 225 223 5.408052
391 192 188 5.577951
392 207 201 5.511431
393 520 501 4.601098
394 581 557 4.495339
395 502 488 4.627336
396 217 214 5.449060
397 338 329 5.020606
398 275 267 5.228711
399 534 518 4.567794
400 268 259 5.259017
401 223 219 5.426071
402 204 198 5.526393
403 310 305 5.096113
404 211 205 5.491822
405 330 326 5.029738
406 327 322 5.042046
407 177 176 5.643549
408 190 185 5.593952
409 294 289 5.149817
410 215 211 5.463112
411 206 199 5.521381
412 318 313 5.070305
413 372 363 4.922544
414 301 294 5.132723
415 224 214 5.449060
