0 961 952 3.956537
1 957 953 3.955488
2 331 313 5.066759
3 49818 49818 0.000000
4 1007 1000 3.907397
5 358 343 4.975510
6 1015 1010 3.897456
7 989 977 3.930642
8 335 318 5.050961
9 108 106 6.143323
10 105 103 6.171761
11 1032 1026 3.881755
12 1028 1021 3.886635
13 103 102 6.181423
14 3933 1970 3.229855
15 970 963 3.945060
16 1068 1057 3.852016
17 967 960 3.948177
18 615 559 4.488215
19 603 554 4.497184
20 600 540 4.522732
21 967 965 3.942988
22 967 963 3.945060
23 398 371 4.897258
24 974 969 3.938856
25 409 383 4.865509
26 559 515 4.570045
27 1019 1014 3.893508
28 1011 1004 3.903409
29 173 169 5.680353
30 188 182 5.606666
31 940 931 3.978819
32 177 171 5.668657
33 112 112 6.088764
34 1011 1005 3.902414
35 1009 1003 3.904404
36 1033 852 4.067392
37 951 809 4.119117
38 881 738 4.210854
39 1020 1014 3.893508
40 964 960 3.948177
41 968 963 3.945060
42 124 120 6.020361
43 123 123 5.995870
44 987 980 3.927579
45 125 123 5.995870
46 135 132 5.925803
47 1049 1038 3.870138
48 963 957 3.951304
49 1026 1013 3.894494
50 121 117 6.045467
51 129 124 5.987838
52 135 132 5.925803
53 1031 1024 3.883704
54 188 183 5.601216
55 183 177 5.634368
56 1049 1041 3.867254
57 143 141 5.860325
58 391 375 4.886563
59 1018 1013 3.894494
60 402 379 4.875980
61 419 398 4.827190
62 1029 1024 3.883704
63 1010 1003 3.904404
64 274 261 5.247807
65 1001 992 3.915421
66 122 122 6.003967
67 1052 1047 3.861513
68 996 989 3.918447
69 100 97 6.231184
70 1031 1025 3.882729
71 1002 994 3.913409
72 354 332 5.008009
73 995 986 3.921482
74 333 314 5.063579
75 117 116 6.053978
76 116 113 6.079953
77 1007 1003 3.904404
78 123 121 6.012131
79 114 109 6.115671
80 948 945 3.963909
81 129 121 6.012131
82 121 121 6.012131
83 607 557 4.491793
84 993 984 3.923510
85 1006 999 3.908396
86 592 541 4.520886
87 616 558 4.490002
88 114 110 6.106622
89 986 978 3.929620
90 98 95 6.251804
91 96 95 6.251804
92 106 106 6.143323
93 109 107 6.134020
94 1033 1028 3.879809
95 138 134 5.910877
96 1009 1003 3.904404
97 123 121 6.012131
98 109 108 6.124804
99 990 985 3.922495
100 240 232 5.365113
101 976 968 3.939887
102 1003 994 3.913409
103 243 230 5.373734
104 231 226 5.391202
105 1010 1005 3.902414
106 125 121 6.012131
107 1012 1007 3.900428
108 143 141 5.860325
109 125 122 6.003967
110 140 134 5.910877
111 958 949 3.959690
112 189 184 5.595796
113 191 185 5.590405
114 998 992 3.915421
115 150 149 5.805516
116 153 150 5.798872
117 151 149 5.805516
118 995 986 3.921482
119 150 150 5.798872
120 1009 1006 3.901421
121 165 162 5.722402
122 130 127 5.964121
123 988 985 3.922495
124 127 123 5.995870
125 1025 1018 3.889575
126 996 990 3.917437
127 329 313 5.066759
128 318 311 5.073149
129 972 962 3.946098
130 161 153 5.779199
131 919 917 3.993954
132 1048 1041 3.867254
133 127 123 5.995870
134 138 135 5.903497
135 966 959 3.949218
136 975 969 3.938856
137 964 959 3.949218
138 379 357 4.935619
139 366 346 4.966827
140 1045 1040 3.868215
141 99 97 6.231184
142 1023 1015 3.892523
143 101 100 6.201031
144 113 112 6.088764
145 995 993 3.914415
146 123 120 6.020361
147 957 952 3.956537
148 189 182 5.606666
149 979 969 3.938856
150 1036 1025 3.882729
151 127 126 5.971965
152 124 121 6.012131
153 116 113 6.079953
154 115 112 6.088764
155 111 111 6.097653
156 984 976 3.931665
157 991 988 3.919457
158 981 974 3.933714
159 1008 1004 3.903409
160 97 96 6.241441
161 108 107 6.134020
162 85 85 6.361804
163 978 973 3.934740
164 126 126 5.971965
165 980 976 3.931665
166 104 104 6.162191
167 1001 988 3.919457
168 102 100 6.201031
169 1041 1031 3.876898
170 136 132 5.925803
171 146 140 5.867392
172 248 240 5.331355
173 243 231 5.369414
174 247 240 5.331355
175 234 229 5.378072
176 236 223 5.404506
177 282 271 5.210350
178 306 285 5.160160
179 1008 1000 3.907397
180 323 304 5.095840
181 109 109 6.115671
182 116 114 6.071220
183 1000 994 3.913409
184 982 976 3.931665
185 386 363 4.918998
186 430 397 4.829700
187 974 971 3.936796
188 986 979 3.928599
189 143 138 5.881678
190 127 125 5.979870
191 126 124 5.987838
192 121 119 6.028660
193 115 114 6.071220
194 139 138 5.881678
195 124 122 6.003967
196 118 115 6.062562
197 129 126 5.971965
198 141 139 5.874509
199 142 139 5.874509
200 136 134 5.910877
201 158 151 5.792271
202 1049 1042 3.866295
203 158 154 5.772727
204 108 106 6.143323
205 263 250 5.290699
206 259 250 5.290699
207 472 433 4.743107
208 437 404 4.812265
209 1053 1051 3.857703
210 544 503 4.593575
211 989 984 3.923510
212 543 494 4.611594
213 131 128 5.956339
214 115 114 6.071220
215 110 107 6.134020
216 105 103 6.171761
217 954 945 3.963909
218 1012 1005 3.902414
219 106 106 6.143323
220 218 210 5.464294
221 182 178 5.628766
222 185 178 5.628766
223 98 98 6.221032
224 113 111 6.097653
225 1060 1054 3.854856
226 111 111 6.097653
227 111 110 6.106622
228 99 97 6.231184
229 107 103 6.171761
230 1021 1013 3.894494
231 986 984 3.923510
232 103 102 6.181423
233 981 978 3.929620
234 360 337 4.993106
235 1033 1026 3.881755
236 211 204 5.493142
237 157 154 5.772727
238 163 157 5.753557
239 151 146 5.825719
240 1059 1050 3.858654
241 123 119 6.028660
242 130 128 5.956339
243 945 936 3.973468
244 126 125 5.979870
245 105 105 6.152713
246 99 98 6.221032
247 108 106 6.143323
248 323 302 5.102419
249 343 321 5.041600
250 978 973 3.934740
251 94 93 6.272857
252 120 119 6.028660
253 136 133 5.918312
254 237 227 5.386806
255 232 223 5.404506
256 121 118 6.037028
257 153 149 5.805516
258 156 153 5.779199
259 126 123 5.995870
260 1028 1019 3.888594
261 119 116 6.053978
262 124 119 6.028660
263 126 123 5.995870
264 110 108 6.124804
265 1000 990 3.917437
266 96 93 6.272857
267 149 145 5.832545
268 142 139 5.874509
269 143 139 5.874509
270 99 98 6.221032
271 157 153 5.779199
272 143 137 5.888898
273 117 111 6.097653
274 117 114 6.071220
275 531 489 4.621746
276 516 475 4.650734
277 575 523 4.554660
278 121 118 6.037028
279 93 93 6.272857
280 190 187 5.579710
281 190 187 5.579710
282 974 969 3.938856
283 965 814 4.112964
284 122 121 6.012131
285 114 110 6.106622
286 189 189 5.569128
287 161 157 5.753557
288 363 344 4.972607
289 1033 1028 3.879809
290 170 166 5.698158
291 87 86 6.350244
292 105 105 6.152713
293 146 142 5.853307
294 135 132 5.925803
295 126 119 6.028660
296 115 113 6.079953
297 110 110 6.106622
298 290 273 5.203024
299 164 159 5.740978
300 145 141 5.860325
301 142 136 5.896171
302 120 119 6.028660
303 217 210 5.464294
304 218 209 5.469044
305 194 182 5.606666
306 1045 1039 3.869176
307 162 159 5.740978
308 594 538 4.526436
309 104 101 6.191179
310 94 94 6.262275
311 110 109 6.115671
312 115 113 6.079953
313 113 111 6.097653
314 314 298 5.115708
315 324 307 5.086052
316 377 363 4.918998
317 120 119 6.028660
318 936 932 3.977747
319 126 125 5.979870
320 970 960 3.948177
321 112 110 6.106622
322 121 118 6.037028
323 127 124 5.987838
324 132 128 5.956339
325 154 151 5.792271
326 371 350 4.955365
327 318 300 5.109041
328 112 107 6.134020
329 104 102 6.181423
330 88 88 6.327515
331 109 106 6.143323
332 133 132 5.925803
333 128 126 5.971965
334 137 135 5.903497
335 106 101 6.191179
336 114 112 6.088764
337 167 158 5.747248
338 164 159 5.740978
339 416 387 4.855146
340 139 138 5.881678
341 105 102 6.181423
342 122 120 6.020361
343 314 295 5.125792
344 340 316 5.057250
345 147 143 5.846338
346 159 153 5.779199
347 128 127 5.964121
348 168 164 5.710206
349 121 119 6.028660
350 103 102 6.181423
351 104 101 6.191179
352 111 105 6.152713
353 136 134 5.910877
354 139 137 5.888898
355 152 148 5.812205
356 120 116 6.053978
357 102 100 6.201031
358 131 126 5.971965
359 335 320 5.044711
360 135 133 5.918312
361 157 153 5.779199
362 135 129 5.948617
363 144 139 5.874509
364 96 95 6.251804
365 112 111 6.097653
366 99 97 6.231184
367 107 103 6.171761
368 103 100 6.201031
369 412 379 4.875980
370 425 393 4.839801
371 444 406 4.807339
372 444 410 4.797559
373 150 148 5.812205
374 165 162 5.722402
375 100 98 6.221032
376 98 95 6.251804
377 108 108 6.124804
378 126 120 6.020361
379 124 122 6.003967
380 125 123 5.995870
381 121 121 6.012131
382 97 96 6.241441
383 118 117 6.045467
384 122 119 6.028660
385 430 391 4.844890
386 131 127 5.964121
387 134 131 5.933350
388 120 115 6.062562
389 190 182 5.606666
390 180 175 5.645668
391 186 183 5.601216
392 111 109 6.115671
393 103 102 6.181423
394 108 106 6.143323
395 310 292 5.135979
396 177 174 5.651366
397 143 141 5.860325
398 173 163 5.716285
399 140 138 5.881678
400 125 123 5.995870
401 134 130 5.940954
402 321 308 5.082810
403 110 106 6.143323
404 166 160 5.734747
405 126 125 5.979870
406 147 143 5.846338
407 162 158 5.747248
408 134 133 5.918312
409 128 125 5.979870
410 110 107 6.134020
411 102 99 6.210982
412 108 107 6.134020
413 132 128 5.956339
414 97 92 6.283552
415 114 111 6.097653
416 101 100 6.201031
417 107 106 6.143323
418 302 285 5.160160
419 111 109 6.115671
420 120 119 6.028660
421 238 229 5.378072
422 191 187 5.579710
423 401 372 4.894573
424 200 191 5.558656
425 234 222 5.408980
426 132 131 5.933350
427 117 112 6.088764
428 112 112 6.088764
429 169 161 5.728555
430 147 142 5.853307
431 295 281 5.174245
432 197 192 5.553462
433 217 210 5.464294
434 212 206 5.483433
435 100 99 6.210982
436 145 143 5.846338
437 148 147 5.818939
438 87 84 6.373500
439 113 111 6.097653
440 145 142 5.853307
441 153 140 5.867392
442 141 135 5.903497
443 123 120 6.020361
444 128 124 5.987838
445 107 106 6.143323
446 114 113 6.079953
447 110 108 6.124804
448 125 123 5.995870
449 108 108 6.124804
450 135 131 5.933350
451 127 124 5.987838
452 112 111 6.097653
453 125 122 6.003967
454 342 328 5.020094
455 93 93 6.272857
456 120 117 6.045467
457 86 84 6.373500
458 114 113 6.079953
459 112 108 6.124804
460 341 326 5.026192
461 307 294 5.129176
462 99 96 6.241441
463 110 106 6.143323
464 98 97 6.231184
465 171 166 5.698158
466 155 152 5.785714
467 100 97 6.231184
468 129 125 5.979870
469 140 139 5.874509
470 135 131 5.933350
471 138 137 5.888898
472 218 209 5.469044
473 116 112 6.088764
474 159 155 5.766296
475 127 126 5.971965
476 319 302 5.102419
477 109 106 6.143323
478 363 338 4.990152
479 133 131 5.933350
480 169 168 5.686253
481 190 182 5.606666
482 153 149 5.805516
483 161 155 5.766296
484 134 131 5.933350
485 161 157 5.753557
486 140 134 5.910877
487 178 175 5.645668
488 94 93 6.272857
489 112 110 6.106622
490 138 134 5.910877
491 203 194 5.543152
492 121 118 6.037028
493 125 123 5.995870
494 117 113 6.079953
495 129 127 5.964121
496 117 113 6.079953
497 131 128 5.956339
498 118 115 6.062562
499 112 109 6.115671
500 151 143 5.846338
501 128 127 5.964121
502 142 139 5.874509
503 125 122 6.003967
504 113 112 6.088764
505 108 106 6.143323
506 93 89 6.316342
507 119 116 6.053978
508 129 128 5.956339
509 113 110 6.106622
510 103 101 6.191179
511 146 142 5.853307
512 582 532 4.537630
513 137 132 5.925803
514 86 86 6.350244
515 112 110 6.106622
516 141 139 5.874509
517 157 147 5.818939
518 112 111 6.097653
519 142 138 5.881678
520 227 222 5.408980
521 220 211 5.459565
522 217 211 5.459565
523 193 190 5.563878
524 150 145 5.832545
525 127 124 5.987838
526 189 185 5.590405
527 203 200 5.512847
528 171 163 5.716285
529 103 102 6.181423
530 93 91 6.294363
531 126 125 5.979870
532 102 100 6.201031
533 100 99 6.210982
534 115 112 6.088764
535 114 110 6.106622
536 108 106 6.143323
537 74 73 6.512087
538 103 98 6.221032
539 98 98 6.221032
540 111 108 6.124804
541 176 173 5.657096
542 166 162 5.722402
543 118 111 6.097653
544 189 182 5.606666
545 107 105 6.152713
546 150 149 5.805516
547 163 155 5.766296
548 114 111 6.097653
549 132 129 5.948617
550 253 244 5.314894
551 133 131 5.933350
552 127 124 5.987838
553 178 176 5.640002
554 178 171 5.668657
555 157 155 5.766296
556 126 126 5.971965
557 107 103 6.171761
558 108 107 6.134020
559 266 253 5.278817
560 123 121 6.012131
561 134 134 5.910877
562 171 168 5.686253
563 140 133 5.918312
564 104 102 6.181423
565 108 107 6.134020
566 123 115 6.062562
567 302 281 5.174245
568 292 279 5.181362
569 98 97 6.231184
570 187 183 5.601216
571 184 177 5.634368
572 91 90 6.305292
573 214 205 5.488276
574 212 204 5.493142
575 118 118 6.037028
576 158 153 5.779199
577 106 104 6.162191
578 107 106 6.143323
579 117 114 6.071220
580 155 148 5.812205
581 137 133 5.918312
582 104 104 6.162191
583 127 127 5.964121
584 116 115 6.062562
585 126 124 5.987838
586 123 121 6.012131
587 213 210 5.464294
588 152 144 5.839418
589 102 101 6.191179
590 99 97 6.231184
591 117 112 6.088764
592 149 144 5.839418
593 104 102 6.181423
594 103 102 6.181423
595 116 114 6.071220
596 116 114 6.071220
597 98 96 6.241441
598 136 132 5.925803
599 84 84 6.373500
600 105 102 6.181423
601 303 285 5.160160
602 102 100 6.201031
603 126 124 5.987838
604 178 174 5.651366
605 122 121 6.012131
606 111 110 6.106622
607 104 102 6.181423
608 147 144 5.839418
609 103 101 6.191179
610 105 104 6.162191
611 102 99 6.210982
612 107 106 6.143323
613 107 106 6.143323
614 146 143 5.846338
615 101 99 6.210982
616 123 122 6.003967
617 117 114 6.071220
618 91 90 6.305292
619 132 129 5.948617
620 106 104 6.162191
621 107 104 6.162191
622 105 102 6.181423
623 101 100 6.201031
624 110 107 6.134020
625 108 106 6.143323
626 133 128 5.956339
627 111 107 6.134020
628 147 145 5.832545
629 101 97 6.231184
630 121 116 6.053978
631 116 113 6.079953
632 138 134 5.910877
633 110 107 6.134020
634 128 126 5.971965
635 109 105 6.152713
636 111 110 6.106622
637 133 131 5.933350
638 208 204 5.493142
639 74 73 6.512087
640 221 211 5.459565
641 138 135 5.903497
642 105 102 6.181423
643 118 117 6.045467
644 141 140 5.867392
645 125 125 5.979870
646 115 114 6.071220
647 113 111 6.097653
648 108 107 6.134020
649 124 120 6.020361
650 113 107 6.134020
651 140 136 5.896171
652 175 171 5.668657
653 103 102 6.181423
654 88 87 6.338815
655 110 109 6.115671
656 111 111 6.097653
