0 58 55 5.178065
1 102 102 4.568687
2 9930 9930 0.000000
3 59 56 5.160365
4 64 63 5.044533
5 71 65 5.013762
6 56 53 5.214432
7 113 113 4.467218
8 34 32 5.706909
9 108 108 4.512069
10 44 41 5.465747
11 29 27 5.871212
12 101 93 4.660122
13 98 91 4.681628
14 112 112 4.476029
15 122 122 4.391232
16 101 94 4.649540
17 177 150 4.186137
18 100 100 4.588296
19 119 119 4.415925
20 168 145 4.219810
21 169 144 4.226683
22 106 106 4.530588
23 42 42 5.442216
24 96 96 4.628705
25 26 26 5.907580
26 30 30 5.769429
27 86 79 4.821390
28 84 79 4.821390
29 102 102 4.568687
30 99 92 4.670817
31 102 102 4.568687
32 95 95 4.639068
33 94 87 4.726080
34 91 88 4.714780
35 95 88 4.714780
36 105 105 4.539977
37 98 92 4.670817
38 52 52 5.233125
39 75 69 4.954921
40 86 76 4.859611
41 72 70 4.940737
42 114 114 4.458484
43 151 132 4.313067
44 109 109 4.502936
45 204 166 4.085423
46 242 192 3.940726
47 89 89 4.703607
48 96 86 4.737508
49 115 115 4.449826
50 93 93 4.660122
51 63 63 5.044533
52 67 65 5.013762
53 54 50 5.271591
54 95 95 4.639068
55 359 253 3.666082
56 370 262 3.631262
57 102 102 4.568687
58 97 97 4.618449
59 105 96 4.628705
60 107 107 4.521285
61 95 90 4.692557
62 100 95 4.639068
63 102 102 4.568687
64 92 83 4.772600
65 114 114 4.458484
66 99 93 4.660122
67 25 25 5.945320
68 22 22 6.067922
69 290 210 3.851558
70 104 104 4.549456
71 317 217 3.818921
72 102 102 4.568687
73 34 34 5.648068
74 25 25 5.945320
75 111 111 4.484918
76 99 88 4.714780
77 93 93 4.660122
78 157 141 4.247589
79 135 125 4.367135
80 150 131 4.320615
81 49 48 5.311596
82 33 32 5.706909
83 35 34 5.648068
84 95 95 4.639068
85 66 61 5.076282
86 73 69 4.954921
87 102 102 4.568687
88 92 92 4.670817
89 31 31 5.737681
90 33 33 5.677056
91 23 21 6.112374
92 91 91 4.681628
93 23 23 6.025363
94 19 19 6.207684
95 91 91 4.681628
96 91 91 4.681628
97 35 34 5.648068
98 102 102 4.568687
99 56 54 5.196083
100 49 47 5.332215
101 45 43 5.419227
102 106 106 4.530588
103 48 43 5.419227
104 40 39 5.514537
105 40 39 5.514537
106 42 41 5.465747
107 97 97 4.618449
108 57 52 5.233125
109 85 85 4.749069
110 48 45 5.374775
111 54 49 5.291393
112 98 98 4.608297
113 46 45 5.374775
114 48 43 5.419227
115 104 96 4.628705
116 53 47 5.332215
117 54 51 5.252173
118 55 53 5.214432
119 50 48 5.311596
120 110 110 4.493886
121 112 112 4.476029
122 114 114 4.458484
123 41 40 5.489844
124 97 97 4.618449
125 30 30 5.769429
126 40 38 5.539855
127 127 127 4.351386
128 95 92 4.670817
129 81 74 4.885928
130 98 98 4.608297
131 73 69 4.954921
132 92 92 4.670817
133 86 86 4.737508
134 57 54 5.196083
135 109 109 4.502936
136 59 57 5.142973
137 180 147 4.206204
138 90 90 4.692557
139 92 92 4.670817
140 51 50 5.271591
141 71 66 4.998724
142 94 94 4.649540
143 38 38 5.539855
144 56 55 5.178065
145 73 70 4.940737
146 59 56 5.160365
147 64 61 5.076282
148 98 98 4.608297
149 66 62 5.060282
150 46 45 5.374775
151 90 90 4.692557
152 68 64 5.029029
153 106 106 4.530588
154 74 72 4.912957
155 66 64 5.029029
156 70 66 4.998724
157 93 93 4.660122
158 60 55 5.178065
159 35 34 5.648068
160 91 91 4.681628
161 84 84 4.760765
162 27 27 5.871212
163 30 28 5.836121
164 102 102 4.568687
165 26 26 5.907580
166 95 87 4.726080
167 28 27 5.871212
168 27 27 5.871212
169 28 28 5.836121
170 92 92 4.670817
171 103 92 4.670817
172 113 113 4.467218
173 82 77 4.846708
174 101 97 4.618449
175 98 98 4.608297
176 87 81 4.796697
177 55 54 5.196083
178 68 66 4.998724
179 11 11 6.718510
180 114 104 4.549456
181 117 104 4.549456
182 111 103 4.559026
183 144 125 4.367135
184 98 98 4.608297
185 109 109 4.502936
186 61 58 5.125879
187 122 122 4.391232
188 77 70 4.940737
189 77 73 4.899351
190 43 40 5.489844
191 24 24 5.984541
192 88 88 4.714780
193 42 41 5.465747
194 100 88 4.714780
195 60 54 5.196083
196 55 54 5.196083
197 79 79 4.821390
198 148 132 4.313067
199 144 126 4.359229
200 102 102 4.568687
201 239 198 3.910112
202 117 117 4.432732
203 36 34 5.648068
204 91 91 4.681628
205 30 29 5.802219
206 31 31 5.737681
207 37 37 5.565830
208 30 28 5.836121
209 76 76 4.859611
210 49 45 5.374775
211 48 46 5.353269
212 31 30 5.769429
213 25 24 5.984541
214 67 64 5.029029
215 31 31 5.737681
216 28 26 5.907580
217 34 33 5.677056
218 25 25 5.945320
219 28 28 5.836121
220 33 33 5.677056
221 33 33 5.677056
222 104 104 4.549456
223 35 34 5.648068
224 29 28 5.836121
225 32 31 5.737681
226 15 15 6.430828
227 18 17 6.313045
228 21 21 6.112374
229 27 27 5.871212
230 18 18 6.258977
231 24 24 5.984541
232 20 20 6.158894
233 32 32 5.706909
234 27 27 5.871212
235 91 91 4.681628
236 19 19 6.207684
237 24 23 6.025363
238 23 22 6.067922
239 14 14 6.495366
240 28 28 5.836121
241 39 38 5.539855
242 79 79 4.821390
243 37 34 5.648068
244 115 115 4.449826
245 92 92 4.670817
246 41 40 5.489844
247 25 23 6.025363
248 29 27 5.871212
249 34 32 5.706909
250 95 95 4.639068
251 32 32 5.706909
252 111 111 4.484918
253 79 74 4.885928
254 31 31 5.737681
255 97 97 4.618449
256 95 95 4.639068
257 35 34 5.648068
258 27 26 5.907580
259 118 118 4.424293
260 58 50 5.271591
261 56 54 5.196083
262 65 64 5.029029
263 102 102 4.568687
264 67 58 5.125879
265 93 89 4.703607
266 96 96 4.628705
267 96 96 4.628705
268 123 107 4.521285
269 91 91 4.681628
270 93 90 4.692557
271 32 32 5.706909
272 75 75 4.872683
273 40 39 5.514537
274 96 96 4.628705
275 36 34 5.648068
276 18 18 6.258977
277 106 106 4.530588
278 88 88 4.714780
279 58 57 5.142973
280 42 42 5.442216
281 55 52 5.233125
282 95 95 4.639068
283 20 20 6.158894
284 29 28 5.836121
285 54 52 5.233125
286 50 49 5.291393
287 51 48 5.311596
288 52 51 5.252173
289 70 63 5.044533
290 21 21 6.112374
291 26 25 5.945320
292 25 25 5.945320
293 30 30 5.769429
294 100 100 4.588296
295 29 29 5.802219
296 34 33 5.677056
297 111 111 4.484918
298 106 99 4.598246
299 27 26 5.907580
300 33 33 5.677056
301 27 27 5.871212
302 94 94 4.649540
303 194 163 4.103550
304 206 173 4.044361
305 193 158 4.134512
306 44 44 5.396754
307 29 28 5.836121
308 36 35 5.619898
309 41 39 5.514537
310 18 17 6.313045
311 38 38 5.539855
312 37 35 5.619898
313 36 36 5.592499
314 40 39 5.514537
315 84 84 4.760765
316 83 77 4.846708
317 81 81 4.796697
318 22 22 6.067922
319 21 20 6.158894
320 28 28 5.836121
321 38 37 5.565830
322 41 39 5.514537
323 85 85 4.749069
324 33 33 5.677056
325 86 80 4.808967
326 35 34 5.648068
327 43 42 5.442216
328 32 32 5.706909
329 35 34 5.648068
330 116 116 4.441243
331 93 93 4.660122
332 21 20 6.158894
333 27 27 5.871212
334 17 16 6.370203
335 61 57 5.142973
336 22 22 6.067922
337 23 23 6.025363
338 32 32 5.706909
339 38 38 5.539855
340 24 22 6.067922
341 28 26 5.907580
342 44 44 5.396754
343 47 45 5.374775
344 34 32 5.706909
345 32 32 5.706909
346 76 73 4.899351
347 33 32 5.706909
348 26 25 5.945320
349 100 100 4.588296
350 108 101 4.578444
351 25 25 5.945320
352 36 36 5.592499
353 35 35 5.619898
354 21 20 6.158894
355 29 29 5.802219
356 33 32 5.706909
357 37 34 5.648068
358 28 28 5.836121
359 32 31 5.737681
360 25 24 5.984541
361 24 24 5.984541
362 27 27 5.871212
363 95 91 4.681628
364 26 24 5.984541
365 77 77 4.846708
366 56 53 5.214432
367 34 34 5.648068
368 17 17 6.313045
369 18 18 6.258977
370 25 25 5.945320
371 31 31 5.737681
372 72 69 4.954921
373 12 11 6.718510
374 28 27 5.871212
375 29 27 5.871212
376 34 33 5.677056
377 97 88 4.714780
378 36 36 5.592499
379 16 16 6.370203
380 192 161 4.115820
381 10 10 6.805521
382 22 22 6.067922
383 24 23 6.025363
384 37 36 5.592499
385 32 32 5.706909
386 121 109 4.502936
387 112 103 4.559026
388 105 92 4.670817
389 36 36 5.592499
390 132 120 4.407626
391 102 94 4.649540
392 107 97 4.618449
393 98 87 4.726080
394 43 39 5.514537
395 27 26 5.907580
396 34 34 5.648068
397 26 26 5.907580
398 63 61 5.076282
399 56 54 5.196083
400 27 26 5.907580
401 22 22 6.067922
402 40 37 5.565830
403 20 20 6.158894
404 28 27 5.871212
405 37 37 5.565830
406 22 21 6.112374
407 119 108 4.512069
408 23 23 6.025363
409 30 30 5.769429
410 28 28 5.836121
411 98 98 4.608297
412 25 25 5.945320
413 34 33 5.677056
414 28 27 5.871212
415 30 30 5.769429
416 26 26 5.907580
417 21 20 6.158894
418 25 25 5.945320
419 17 16 6.370203
420 28 28 5.836121
421 79 75 4.872683
422 20 20 6.158894
423 34 33 5.677056
424 16 16 6.370203
425 19 19 6.207684
426 38 35 5.619898
427 46 46 5.353269
428 32 31 5.737681
429 32 31 5.737681
430 21 21 6.112374
431 21 21 6.112374
432 69 66 4.998724
433 28 25 5.945320
434 23 23 6.025363
435 14 14 6.495366
436 32 31 5.737681
437 29 29 5.802219
438 27 27 5.871212
439 35 35 5.619898
440 33 31 5.737681
441 31 31 5.737681
442 25 25 5.945320
443 29 28 5.836121
444 29 26 5.907580
445 16 16 6.370203
446 23 22 6.067922
447 21 21 6.112374
448 39 37 5.565830
449 48 47 5.332215
450 20 18 6.258977
451 33 32 5.706909
452 25 24 5.984541
453 34 34 5.648068
454 27 27 5.871212
455 25 24 5.984541
456 22 22 6.067922
457 37 33 5.677056
458 27 26 5.907580
459 24 24 5.984541
460 24 24 5.984541
