0 442 374 3.912076
1 204 203 4.520882
2 276 247 4.325574
3 183 181 4.634996
4 485 402 3.840066
5 203 202 4.525796
6 18750 18750 0.000000
7 427 366 3.933641
8 527 446 3.736444
9 207 206 4.506284
10 258 232 4.387964
11 217 216 4.459105
12 205 205 4.511126
13 231 230 4.396585
14 460 394 3.860117
15 196 196 4.555799
16 197 194 4.566003
17 271 246 4.329614
18 224 224 4.422902
19 462 390 3.870295
20 203 202 4.525796
21 189 189 4.591978
22 204 201 4.530735
23 189 188 4.597255
24 200 200 4.535697
25 209 207 4.501464
26 311 283 4.190028
27 219 219 4.445375
28 210 208 4.496668
29 180 180 4.640505
30 218 217 4.454507
31 221 218 4.449931
32 194 194 4.566003
33 188 188 4.597255
34 194 194 4.566003
35 208 208 4.496668
36 290 261 4.270658
37 212 212 4.477710
38 196 195 4.560888
39 216 213 4.473026
40 176 176 4.662853
41 447 386 3.880578
42 232 231 4.392265
43 187 187 4.602560
44 210 209 4.491895
45 214 213 4.473026
46 353 307 4.108903
47 358 311 4.095999
48 212 211 4.482416
49 209 208 4.496668
50 344 301 4.128575
51 211 210 4.487144
52 438 377 3.904108
53 212 212 4.477710
54 362 314 4.086430
55 209 208 4.496668
56 400 340 4.007120
57 336 307 4.108903
58 233 232 4.387964
59 210 210 4.487144
60 196 196 4.555799
61 206 204 4.515992
62 336 299 4.135220
63 241 241 4.350065
64 398 333 4.027861
65 225 225 4.418467
66 200 199 4.540685
67 206 205 4.511126
68 183 183 4.624067
69 199 199 4.540685
70 206 205 4.511126
71 183 183 4.624067
72 215 215 4.463724
73 208 208 4.496668
74 411 370 3.922800
75 243 243 4.341834
76 215 214 4.468364
77 229 228 4.405280
78 279 258 4.282174
79 256 231 4.392265
80 174 172 4.685711
81 185 185 4.613256
82 193 192 4.576312
83 210 208 4.496668
84 359 309 4.102430
85 341 312 4.092799
86 371 321 4.064451
87 183 182 4.629516
88 201 200 4.535697
89 194 193 4.571144
90 214 214 4.468364
91 197 197 4.550735
92 168 166 4.721009
93 202 202 4.525796
94 234 233 4.383681
95 215 214 4.468364
96 189 189 4.591978
97 208 206 4.506284
98 227 225 4.418467
99 210 209 4.491895
100 227 227 4.409657
101 284 255 4.293825
102 203 203 4.520882
103 271 250 4.313549
104 227 225 4.418467
105 209 208 4.496668
106 260 234 4.379417
107 217 217 4.454507
108 217 214 4.468364
109 238 219 4.445375
110 208 208 4.496668
111 216 216 4.459105
112 195 193 4.571144
113 391 344 3.995458
114 398 346 3.989678
115 215 215 4.463724
116 266 236 4.370942
117 264 241 4.350065
118 198 196 4.555799
119 451 394 3.860117
120 195 194 4.566003
121 202 202 4.525796
122 210 209 4.491895
123 443 388 3.875423
124 221 221 4.436325
125 221 217 4.454507
126 231 231 4.392265
127 216 214 4.468364
128 304 271 4.233200
129 185 184 4.618647
130 199 199 4.540685
131 209 207 4.501464
132 206 205 4.511126
133 192 191 4.581507
134 218 215 4.463724
135 250 221 4.436325
136 199 197 4.550735
137 228 224 4.422902
138 246 227 4.409657
139 247 216 4.459105
140 227 225 4.418467
141 214 214 4.468364
142 197 197 4.550735
143 203 203 4.520882
144 205 203 4.520882
145 296 274 4.222231
146 203 203 4.520882
147 213 212 4.477710
148 223 223 4.427356
149 244 243 4.341834
150 200 199 4.540685
151 173 171 4.691508
152 204 203 4.520882
153 207 207 4.501464
154 263 244 4.337744
155 207 206 4.506284
156 197 197 4.550735
157 199 196 4.555799
158 189 189 4.591978
159 255 237 4.366732
160 204 203 4.520882
161 218 217 4.454507
162 200 198 4.545698
163 202 202 4.525796
164 217 216 4.459105
165 276 245 4.333671
166 214 214 4.468364
167 213 212 4.477710
168 190 190 4.586729
169 198 198 4.545698
170 288 259 4.278321
171 220 219 4.445375
172 194 193 4.571144
173 279 252 4.305613
174 205 205 4.511126
175 203 203 4.520882
176 244 221 4.436325
177 216 215 4.463724
178 245 221 4.436325
179 220 219 4.445375
180 256 244 4.337744
181 269 251 4.309573
182 183 182 4.629516
183 243 220 4.440840
184 223 223 4.427356
185 200 199 4.540685
186 201 199 4.540685
187 222 222 4.431831
188 290 261 4.270658
189 286 252 4.305613
190 212 209 4.491895
191 398 339 4.010057
192 233 231 4.392265
193 228 224 4.422902
194 177 176 4.662853
195 292 263 4.263053
196 190 188 4.597255
197 202 202 4.525796
198 194 193 4.571144
199 446 391 3.867741
200 213 210 4.487144
201 221 220 4.440840
202 530 432 3.768265
203 170 169 4.703204
204 235 234 4.379417
205 222 219 4.445375
206 500 433 3.765958
207 441 371 3.920109
208 221 221 4.436325
209 196 194 4.566003
210 212 211 4.482416
211 199 198 4.545698
212 470 404 3.835115
213 184 184 4.618647
214 398 350 3.978216
215 191 189 4.591978
216 213 212 4.477710
217 206 205 4.511126
218 386 350 3.978216
219 220 220 4.440840
220 194 193 4.571144
221 215 214 4.468364
222 208 204 4.515992
223 217 215 4.463724
224 205 204 4.515992
225 195 194 4.566003
226 200 200 4.535697
227 367 317 4.076951
228 211 210 4.487144
229 206 204 4.515992
230 194 192 4.576312
231 206 206 4.506284
232 223 222 4.431831
233 213 212 4.477710
234 179 177 4.657219
235 294 268 4.244291
236 478 402 3.840066
237 184 183 4.624067
238 227 227 4.409657
239 290 261 4.270658
240 216 214 4.468364
241 307 278 4.207791
242 227 227 4.409657
243 282 261 4.270658
244 214 214 4.468364
245 204 204 4.515992
246 259 239 4.358363
247 229 229 4.400923
248 232 232 4.387964
249 205 205 4.511126
250 250 228 4.405280
251 209 209 4.491895
252 258 239 4.358363
253 224 223 4.427356
254 201 200 4.535697
255 191 189 4.591978
256 215 211 4.482416
257 196 195 4.560888
258 234 233 4.383681
259 207 207 4.501464
260 220 216 4.459105
261 207 205 4.511126
262 205 205 4.511126
263 360 325 4.052105
264 215 215 4.463724
265 367 321 4.064451
266 203 203 4.520882
267 200 199 4.540685
268 212 211 4.482416
269 383 337 4.015956
270 204 202 4.525796
271 185 184 4.618647
272 206 206 4.506284
273 218 216 4.459105
274 415 361 3.947358
275 212 212 4.477710
276 215 211 4.482416
277 214 212 4.477710
278 226 226 4.414052
279 364 326 4.049042
280 349 310 4.099209
281 197 195 4.560888
282 217 215 4.463724
283 234 234 4.379417
284 205 202 4.525796
285 442 391 3.867741
286 460 391 3.867741
287 207 206 4.506284
288 254 229 4.400923
289 191 189 4.591978
290 399 345 3.992564
291 180 179 4.646046
292 251 227 4.409657
293 207 207 4.501464
294 195 195 4.560888
295 187 185 4.613256
296 394 342 4.001272
297 227 226 4.414052
298 225 225 4.418467
299 214 213 4.473026
300 191 191 4.581507
301 246 225 4.418467
302 237 218 4.449931
303 232 213 4.473026
304 182 181 4.634996
305 186 185 4.613256
306 189 189 4.591978
307 441 375 3.909413
308 209 209 4.491895
309 234 230 4.396585
310 213 213 4.473026
311 256 232 4.387964
312 280 251 4.309573
313 201 199 4.540685
314 214 214 4.468364
315 207 207 4.501464
316 244 218 4.449931
317 206 205 4.511126
318 199 199 4.540685
319 205 205 4.511126
320 198 197 4.550735
321 188 186 4.607894
322 465 386 3.880578
323 194 194 4.566003
324 450 383 3.888360
325 465 402 3.840066
326 209 208 4.496668
327 197 197 4.550735
328 209 208 4.496668
329 186 186 4.607894
330 178 178 4.651617
331 204 204 4.515992
332 301 271 4.233200
333 214 214 4.468364
334 186 184 4.618647
335 196 196 4.555799
336 203 200 4.535697
337 224 223 4.427356
338 272 247 4.325574
339 206 206 4.506284
340 211 210 4.487144
341 238 223 4.427356
342 253 236 4.370942
343 209 209 4.491895
344 241 228 4.405280
345 181 181 4.634996
346 207 207 4.501464
347 226 225 4.418467
348 197 196 4.555799
349 218 215 4.463724
350 302 270 4.236884
351 296 266 4.251754
352 209 208 4.496668
353 216 215 4.463724
354 264 234 4.379417
355 216 213 4.473026
356 306 281 4.197095
357 197 197 4.550735
358 213 212 4.477710
359 217 215 4.463724
360 232 231 4.392265
361 327 285 4.183011
362 198 198 4.545698
363 230 227 4.409657
364 276 251 4.309573
365 227 227 4.409657
366 201 198 4.545698
367 267 242 4.345941
368 194 192 4.576312
369 213 212 4.477710
370 207 204 4.515992
371 363 316 4.080101
372 218 217 4.454507
373 355 313 4.089609
374 196 196 4.555799
375 462 387 3.877997
376 182 181 4.634996
377 475 412 3.815555
378 217 216 4.459105
379 189 189 4.591978
380 207 206 4.506284
381 281 250 4.313549
382 205 205 4.511126
383 200 200 4.535697
384 227 226 4.414052
385 266 245 4.333671
386 175 173 4.679947
387 248 231 4.392265
388 179 178 4.651617
389 250 233 4.383681
390 207 206 4.506284
391 221 219 4.445375
392 202 200 4.535697
393 248 246 4.329614
394 201 199 4.540685
395 216 213 4.473026
396 214 212 4.477710
397 199 198 4.545698
398 196 195 4.560888
399 346 308 4.105661
400 210 208 4.496668
401 193 193 4.571144
402 203 202 4.525796
403 207 206 4.506284
404 197 197 4.550735
405 231 216 4.459105
406 195 194 4.566003
407 287 264 4.259273
408 236 236 4.370942
409 189 188 4.597255
410 168 168 4.709104
411 447 386 3.880578
412 213 212 4.477710
413 226 226 4.414052
414 231 228 4.405280
415 178 178 4.651617
416 205 205 4.511126
417 210 209 4.491895
418 207 207 4.501464
419 326 291 4.162249
420 180 179 4.646046
421 222 221 4.436325
422 197 196 4.555799
423 212 211 4.482416
424 329 295 4.148643
425 193 193 4.571144
426 196 192 4.576312
427 303 269 4.240580
428 199 197 4.550735
429 298 270 4.236884
430 300 273 4.225874
431 223 222 4.431831
432 211 210 4.487144
433 271 247 4.325574
434 236 224 4.422902
435 203 202 4.525796
436 278 247 4.325574
437 284 258 4.282174
438 248 230 4.396585
439 259 237 4.366732
440 210 210 4.487144
441 188 187 4.602560
442 234 234 4.379417
443 193 192 4.576312
444 204 203 4.520882
445 339 299 4.135220
446 189 188 4.597255
447 195 195 4.560888
448 198 196 4.555799
449 327 294 4.152027
450 377 326 4.049042
451 209 209 4.491895
452 207 207 4.501464
453 204 202 4.525796
454 194 193 4.571144
455 377 313 4.089609
456 198 196 4.555799
457 210 208 4.496668
458 211 210 4.487144
459 196 195 4.560888
460 202 201 4.530735
461 240 219 4.445375
462 203 203 4.520882
463 453 392 3.865193
464 266 247 4.325574
465 292 268 4.244291
466 217 216 4.459105
467 203 203 4.520882
468 466 392 3.865193
469 224 222 4.431831
470 223 223 4.427356
471 262 242 4.345941
472 214 212 4.477710
473 336 290 4.165679
474 180 180 4.640505
475 238 218 4.449931
476 242 239 4.358363
477 297 261 4.270658
478 283 254 4.297739
479 222 221 4.436325
480 204 203 4.520882
481 205 203 4.520882
482 192 191 4.581507
483 210 210 4.487144
484 199 198 4.545698
485 204 204 4.515992
486 205 205 4.511126
487 206 203 4.520882
488 263 243 4.341834
489 196 196 4.555799
490 249 227 4.409657
491 191 190 4.586729
492 243 219 4.445375
493 240 238 4.362539
494 294 264 4.259273
495 188 187 4.602560
496 202 202 4.525796
497 204 203 4.520882
498 201 201 4.530735
499 201 198 4.545698
500 260 230 4.396585
501 203 203 4.520882
502 219 219 4.445375
503 215 213 4.473026
504 197 196 4.555799
505 171 170 4.697339
506 209 207 4.501464
507 222 221 4.436325
508 369 306 4.112155
509 218 218 4.449931
510 180 180 4.640505
511 204 202 4.525796
512 200 200 4.535697
513 236 214 4.468364
514 236 236 4.370942
515 199 199 4.540685
516 228 227 4.409657
517 198 197 4.550735
518 217 215 4.463724
519 414 341 4.004192
520 195 195 4.560888
521 214 212 4.477710
522 206 206 4.506284
523 216 215 4.463724
524 314 284 4.186513
525 192 190 4.586729
526 222 220 4.440840
527 232 232 4.387964
528 256 238 4.362539
529 196 195 4.560888
530 372 328 4.042945
531 180 177 4.657219
532 218 218 4.449931
533 215 211 4.482416
534 202 201 4.530735
535 203 202 4.525796
536 202 202 4.525796
537 252 224 4.422902
538 197 197 4.550735
539 213 213 4.473026
540 220 219 4.445375
541 219 218 4.449931
542 194 193 4.571144
543 210 209 4.491895
544 412 364 3.939105
545 238 237 4.366732
546 190 190 4.586729
547 234 234 4.379417
548 202 202 4.525796
549 210 209 4.491895
550 226 226 4.414052
551 227 227 4.409657
552 187 185 4.613256
553 219 217 4.454507
554 213 209 4.491895
555 210 208 4.496668
556 171 170 4.697339
557 214 213 4.473026
558 218 218 4.449931
559 229 227 4.409657
560 231 229 4.400923
561 235 213 4.473026
562 227 225 4.418467
563 273 244 4.337744
564 203 203 4.520882
565 212 210 4.487144
566 196 195 4.560888
567 210 209 4.491895
568 189 189 4.591978
569 216 216 4.459105
570 223 221 4.436325
571 200 199 4.540685
572 189 189 4.591978
573 204 204 4.515992
574 212 210 4.487144
575 198 195 4.560888
576 218 218 4.449931
577 255 237 4.366732
578 202 200 4.535697
579 202 201 4.530735
580 189 188 4.597255
581 272 252 4.305613
582 217 216 4.459105
583 189 188 4.597255
584 216 214 4.468364
585 212 211 4.482416
586 184 183 4.624067
587 217 216 4.459105
588 196 195 4.560888
589 375 330 4.036884
590 191 190 4.586729
591 187 187 4.602560
592 229 228 4.405280
593 222 222 4.431831
594 183 182 4.629516
595 203 203 4.520882
596 197 197 4.550735
597 459 382 3.890967
598 209 208 4.496668
599 195 191 4.581507
600 354 316 4.080101
601 198 197 4.550735
602 232 209 4.491895
603 198 197 4.550735
604 206 206 4.506284
605 242 219 4.445375
606 467 404 3.835115
607 194 193 4.571144
608 193 192 4.576312
609 201 200 4.535697
610 284 261 4.270658
611 178 178 4.651617
612 204 204 4.515992
613 232 232 4.387964
614 176 176 4.662853
615 363 324 4.055177
616 223 222 4.431831
617 187 187 4.602560
618 198 198 4.545698
619 218 218 4.449931
620 204 201 4.530735
621 208 208 4.496668
622 206 205 4.511126
623 186 184 4.618647
624 189 189 4.591978
625 180 179 4.646046
626 213 211 4.482416
627 186 186 4.607894
628 193 191 4.581507
629 191 190 4.586729
630 211 211 4.482416
631 229 229 4.400923
632 226 226 4.414052
633 219 217 4.454507
634 170 168 4.709104
635 205 204 4.515992
636 206 204 4.515992
637 208 207 4.501464
638 218 218 4.449931
639 208 205 4.511126
640 194 193 4.571144
641 199 197 4.550735
642 200 198 4.545698
643 194 192 4.576312
644 170 169 4.703204
645 187 187 4.602560
646 193 193 4.571144
647 181 181 4.634996
648 227 226 4.414052
649 200 199 4.540685
650 223 206 4.506284
651 219 218 4.449931
652 197 197 4.550735
653 191 191 4.581507
654 218 216 4.459105
655 212 211 4.482416
656 245 217 4.454507
657 208 206 4.506284
658 275 257 4.286043
659 216 213 4.473026
660 191 190 4.586729
661 196 196 4.555799
662 205 204 4.515992
663 210 209 4.491895
664 217 215 4.463724
665 189 189 4.591978
666 206 205 4.511126
667 211 209 4.491895
668 237 216 4.459105
669 189 189 4.591978
670 219 201 4.530735
671 197 196 4.555799
672 202 201 4.530735
673 186 184 4.618647
