0 119 469 470 471 120 121
1 122 472 123 473 30
2 124 474 475 476 125
3 31 32 477 478 479 33
4 480 481 482 4
5 126 483 484 5
6 485 34 34 34 486
7 35 487 488 489 490
8 491 492 493 494 495 127
9 496 497 498 499 500 501
10 502 503 504 505 128
11 506 129 507 130 131
12 508 509 510 36
13 132 511 512 6
14 513 514 515 516 517 133
15 518 519 134 0
16 122 520 521 522 37
17 135 523 136 524 525 526
18 7 527 528 529 8
19 137 530 531 532 138
20 9 533 534 139 140
21 535 536 141 537 538 142
22 143 539 540 38
23 541 542 543 544 545
24 546 547 548 144
25 145 549 550 551 39
26 146 147 552 553 554 555
27 556 557 558 559 560
28 561 148 562 563 564
29 565 566 567 568 569 570
30 10 571 572 149
31 573 574 575 576
32 150 577 578 579 580 40
33 581 582 583 584 151
34 585 586 587 588
35 41 152 153 589 154
36 590 591 155 592
37 593 594 595 596 156
38 157 158 597 159
39 160 598 599 600 601 11
40 602 603 604 42
41 31 605 606 607 161
42 608 609 610 162 611 163
43 612 613 614 615
44 616 617 618 43
45 137 619 620 621 1
46 622 623 164 624 625
47 626 627 628 0
48 629 630 631 44
49 160 632 633 165 37
50 166 634 635 636 45
51 637 638 639 12
52 46 640 641 642 643 167
53 644 645 646 647 13
54 47 648 649 650 651 168
55 48 169 652 653 14
56 170 654 655 656
57 657 658 659 660 661 662
58 171 663 664 665 666 172
59 31 667 668 669 670 173
60 174 671 672 673 674 675
61 175 676 677 678 49
62 50 679 680 681 176 682
63 683 684 685 686 687 30
64 177 688 689 690 178
65 691 692 693 694 695 51
66 179 696 697 698 699 52
67 180 700 701 702
68 703 704 705 706 707 131
69 708 709 710 711 712 167
70 713 714 715 39
71 181 716 717 718
72 182 719 720 721 722 183
73 723 724 725 726 184
74 9 727 728 53
75 54 729 730 731 732 185
76 55 733 734 735
77 736 186 737 56
78 738 739 187 57
79 740 741 742 743 744
80 745 746 747 748 188
81 189 749 750 751 752
82 753 754 755 756 757
83 190 758 759 760 761 15
84 191 762 763 764 2
85 765 766 767 768 192
86 769 193 770 771 772
87 194 773 774 775 776 195
88 196 777 778 197
89 779 780 781 58
90 782 783 784 785
91 786 787 788 789 790
92 791 792 793 794 795
93 796 797 798 799 800
94 16 801 802 198 803 59
95 804 805 806 807 808 809
96 60 810 811 812 813
97 61 814 815 199
98 200 816 817 818 819 17
99 201 820 821 822 62
100 823 824 825 63
101 64 826 827 202 6
102 828 829 830 203 5
103 65 831 832 833 834
104 66 835 836 837 838 204
105 839 840 841 842
106 67 205 843 206
107 844 845 846 847 848 207
108 849 208 209 850 210
109 68 851 852 853 854 69
110 211 855 212 213 856 214
111 70 857 858 859 860 215
112 48 169 861 862 216 217
113 177 863 218
114 71 219 864 865 220
115 866 867 868 869 870 72
116 221 871 222 872 44
117 873 874 875 876
118 877 878 879 880 223 224
119 225 881 882 883 884
120 885 886 887 226
121 227 888 889 890 6
122 891 892 893 894 228
123 174 895 229 896 897 230
124 225 898 899 165 900 901
125 73 902 903 904 905 57
126 18 231 906 907 908
127 74 232 909 19
128 910 911 912 913 914
129 915 916 917 918
130 919 920 921 233
131 234 922 923 924
132 235 925 926 927
133 236 928 237 929 930 931
134 75 932 238 933 934
135 935 936 937 76
136 3 938 939 940 239
137 41 152 153 941 240
138 241 242 942 943 944 945
139 946 947 948 949 38
140 243 950 951 952 953
141 77 954 955 956 957
142 41 958 959 960 961 244
143 78 962 963 245
144 246 964 965 966 121
145 967 247 248 249 198 250
146 968 969 970 251 1
147 971 972 973 974
148 975 976 977 978 79
149 979 980 981 982 983
150 80 252 984 253
151 985 986 987 988 254
152 81 989 990 991 992 255
153 246 993 994 995
154 996 997 998 999 1000
155 20 1001 249 1002 256
156 1003 1004 1005 1006
157 1007 1008 1009 1010 1011
158 257 1012 1013 258
159 82 1014 1015 1016 1017 1018
160 259 1019 1020 1021 260
161 21 1022 1023 1024
162 1025 1026 1027 261
163 262 1028 1029 1030 1031 233
164 263 1032 1033 1034
165 182 1035 1036 154
166 83 1037 1038 1039
167 83 1040 1041 264
168 74 232 1042 1043 265
169 1044 1045 266 8
170 267 1046 1047 1048 1049 1050
171 84 1051 1052 268 1053 149
172 10 269 1054 1055 1056 270
173 271 1057 1058 1059 1060
174 211 1061 1062 1063 1064 1065
175 272 273 274 1066 1067
176 1068 1069 1070 1071
177 1072 1073 1074 275
178 276 1075 1076 1077
179 1078 1079 85 277 278
180 279 1080 1081 1082 1083 280
181 1084 1085 1086 1087 1088
182 1089 1090 1091 1092 156
183 1093 1094 1095 1096 281
184 1097 1098 1099 1100
185 282 1101 1102 1103 1104 86
186 283 1105 284 1106 1107 63
187 1108 1109 1110 87
188 22 1111 1112 1113 285
189 1114 1115 1116 286
190 3 1117 1118 1119 1120
191 287 1121 1122 1123 1124
192 201 1125 1126 1127 87
193 18 231 1128 1129 1130
194 288 1131 1132 1133
195 88 1134 1135 1136 289
196 290 1137 1138 1139 89
197 1140 1141 1142 1143
198 236 1144 1145 1146 69
199 22 1147 1148 1149 291
200 292 1150 1151 1152 1153 1154
201 1155 1156 1157 1158 1159 23
202 1160 1161 1162 1163 90
203 262 1164 1165 1166 1167 58
204 1168 1169 1170 1171 1172 11
205 293 1173 1174 1175 1176 23
206 1177 1178 1179 1180 1181 1182
207 1183 1184 1185 1186 1187
208 294 1188 1189 1190 1191
209 1192 1193 1194 1195 295
210 78 1196 129 1197 296 24
211 91 297 1198 1199 1200
212 1201 1202 1203 1204 6
213 1205 1206 1207 1208 1209
214 298 1210 1211 1212 51
215 227 1213 1214 1215 296 24
216 1216 1217 1218 1219 23
217 299 1220 1221 1222
218 300 1223 1224 1225 57
219 235 1226 1227 1228
220 92 1229 1230 1231 59
221 1232 1233 1234 1235 1236 301
222 1237 1238 1239 1240 1241 40
223 302 1242 93
224 73 1243 1244 1245
225 191 1246 1247 1248 303 304
226 1249 1250 1251 1252 1253 1254
227 1255 1256 1257 1258 305
228 306 1259 307 1260 1261
229 308 1262 1263 94 25
230 1264 1265 212 309
231 26 1266 1267 310
232 1268 311 312 1269 1270
233 20 1271 313 1272 133
234 314 1273 1274 49
235 1275 1276 1277 1278 1279
236 1280 1281 136 1282 1283
237 315 1284 1285 1286 316
238 317 1287 1288 318 319
239 320 1289 1290 321
240 78 1291 1292 1293 322 1294
241 20 216 1295 1296 323
242 18 1297 1298 208 209 1299
243 60 1300 1301 24
244 324 1302 1303 53
245 1304 1305 1306 1307
246 21 1308 1309 1310 1311
247 196 1312 1313 45
248 81 1314 1315 325
249 326 1316 1317 27
250 54 1318 1319 1320 327 1321
251 328 1322 1323 1324 1325
252 315 1326 1327 27
253 1328 1329 1330 52
254 1331 1332 1333 1334 90
255 1335 1336 1337 1338
256 271 1339 1340 1341 217
257 1342 1343 1344 95
258 80 1345 1346 1347 8
259 329 1348 1349 1350 1351
260 330 1352 1353 331
261 92 1354 1355 1356 1357 1358
262 332 1359 1360 1361 1362 1363
263 1364 1365 1366 1367 1368 33
264 333 1369 1370 334
265 50 1371 1372 1373 1374 89
266 335 1375 1376 1377 264
267 1378 1379 336 337 1380
268 272 338 339 1381 1382 195
269 96 1383 1384 19
270 47 1385 1386 1387 11
271 306 1388 1389 199
272 340 1390 1391 1392 341
273 124 1393 1394 1395 43
274 28 1396 1397 79
275 234 1398 1399 1400 1401 97
276 98 1402 1403 1404 1405
277 1406 1407 1408 1409
278 1410 1411 1412 1413 1414 1415
279 1416 1417 1418 1419 220
280 1420 342 1421 1422 43
281 1423 1424 1425 89
282 267 1426 1427 1428 1429
283 1430 1431 343 1432 344
284 345 346 1433 347
285 99 1434 1435 1436
286 340 1437 1438 323
287 1439 1440 1441 1442 151
288 1443 1444 1445 17
289 100 1446 1447 1448 1449 1450
290 1451 1452 1453
291 1454 223 1455 1456 1457 1458
292 348 1459 1460 1461
293 1462 1463 1464 1465
294 150 1466 1467 1468 349
295 299 1469 1470 1471
296 1472 1473 350 1474 1475 95
297 276 1476 1477 1478 193 351
298 352 1479 353 1480 275
299 1481 130 1482 1483 39
300 1484 1485 1486 1487 1488
301 1489 1490 1491 1492 354
302 1493 1494 1495 1496 1497 23
303 355 356 1498 1499 1500 19
304 357 1501 1502 358 1503 215
305 1504 359 1505 1506 1507
306 1508 1509 1510 42
307 360 1511 1512 1513 361
308 189 1514 1515 1516 93
309 170 1517 1518 1519 97
310 1520 1521 1522 1523 1524 5
311 1525 1526 1527 295
312 362 1528 1529 1530 1531
313 68 1532 1533 1534 363
314 73 1535 1536 1537 364
315 365 1538 1539 1540
316 1541 1542 1543 1544 325
317 84 1545 1546 366
318 1547 1548 1549 1550 291
319 367 1551 1552 173
320 28 1553 1554 1555 24
321 368 1556 1557 1558 161
322 1559 1560 13
323 48 1561 1562 369
324 1563 1564 1565 1566 159
325 370 1567 1568 1569 94 25
326 371 1570 1571 1572 1573 38
327 314 1574 1575 1576 372
328 100 1577 1578 1579 17
329 46 1580 1581 373
330 374 1582 375 1583
331 28 1584 1585 1586
332 91 1587 1588 376 1589
333 377 1590 1591 378
334 166 1592 1593 1594 1595 260
335 101 268 1596 1597 76
336 66 1598 1599 1600 58
337 102 1601 1602 1603 379
338 16 380 327 1604 36
339 381 1605 1606 103
340 1607 375 1608 1609 13
341 55 1610 1611 1612 53
342 1613 1614 1615 1616 207
343 1617 1618 1619 1620 1621 240
344 259 1622 1623 1624 192
345 1625 1626 1627 1628 14
346 382 1629 1630 1631 237 1632
347 1633 1634 1635 218
348 383 1636 1637 1638 228
349 194 1639 162 1640
350 65 384 1641 1642 1643 253
351 100 1644 1645 1646 1647
352 26 1648 1649 104 1650 385
353 28 386 1651 270
354 92 1652 1653 1654 1655 2
355 1656 307 1657 1658
356 21 1659 1660 1661 1662
357 1663 1664 1665 1666 1667 1668
358 1669 1670 1671 1672 1673 86
359 387 1674 1675 1676
360 105 1677 388 273 389
361 1678 1679 1680 1681 1682
362 390 1683 1684 1685 391
363 99 1686 1687 138
364 1688 1689 85 358 1690 1691
365 290 1692 1693 392
366 99 1694 1695 1696 1697 1698
367 20 1699 1700 1701 1702 12
368 1703 1704 1705 1706 15
369 88 1707 1708 1709 1710 51
370 106 1711 1712 1713 107
371 1714 1715 1716 1717 1718 103
372 171 1719 1720 1721 393
373 1722 1723 1724 394 395
374 1725 1726 1727 1728
375 1729 1730 1731 1732 396 385
376 397 1733 1734 1735 1736
377 65 384 346 1737 250
378 1738 398 1739 399
379 1740 1741 1742 400
380 1743 401 1744 1745 1746
381 26 1747 1748 148 1749 1750
382 287 1751 1752 1753 1754 36
383 1755 1756 1757 15
384 294 1758 1759 1760 341
385 135 1761 1762 1763 1764
386 1765 1766 1767 402 1768 108
387 1769 1770 1771 1772 403 1773
388 1774 322 1775 404
389 16 380 1776 1777 405
390 279 1778 1779 286
391 1780 1781 1782 1783 1784
392 7 213 1785 1786 1787 393
393 83 406 1788 1789 1790
394 60 1791 1792 1793 1794 107
395 18 1795 1796 1797 407
396 345 1798 1799 1800 1801 256
397 1802 1803 1804 1805 408
398 1806 1807 1808 1809 409
399 64 410 1810 1811 1812 1813
400 200 1814 1815 1816 188
401 109 1817 1818 1819 1820 319
402 1821 1822 1823 1824 351
403 1825 1826 1827 1828 1829 17
404 292 1830 1831 1832 1833 0
405 96 1834 94 25
406 1835 1836 1837 1838 409
407 1839 1840 359 1841 1842 1843
408 411 1844 1845 1846 226
409 300 1847 1848 412
410 1849 1850 1851 1852 1853 56
411 1854 1855 1856 1857 1858 1859
412 1860 1861 1862 373
413 1863 388 338 1864 1865 412
414 64 410 1866 140
415 61 1867 229 245
416 181 1868 1869 1870 1871 413
417 180 1872 1873 1874 1875
418 1876 1877 1878 1879 1880
419 1881 1882 1883 1884 1885 414
420 335 1886 1887 1888
421 7 1889 1890 187 1891 95
422 110 1892 1893 1894 172
423 1895 1896 1897 4
424 3 1898 1899 1900 361
425 1901 1902 186 1903 40
426 119 1904 1905 1906
427 415 1907 1908 1909 1910 1911
428 368 313 1912 1913 27
429 1914 1915 1916 1917 1918 416
430 417 1919 1920 1921 1922 1923
431 418 1924 1925 1926 1927 1928
432 419 420 1929 1930 1931 49
433 91 297 1932 1933
434 1934 202 1935 379
435 1936 1937 1938 1939 1940 76
436 132 1941 1942 111
437 421 1943 1944 1945
438 157 1946 1947 1948 178
439 1949 1950 1951 1952
440 422 1953 1954 1955 1956 197
441 54 1957 1958 107
442 423 1959 1960 1961 1962 1963
443 348 222 1964 112
444 101 1965 1966 1967 416
445 1968 1969 1970 1971 1972 424
446 1973 403 1974 1975 1976 316
447 98 1977 425 1978 426 1979
448 427 425 1980 108
449 98 1981 1982 1983 37
450 1984 1985 1986 310
451 360 1987 1988 281
452 1989 1990 1991 1992 29
453 328 139 1993 1994 1995
454 428 1996 158 347
455 429 1997 1998 1999 2000 430
456 431 2001 2002 2003 2004 62
457 35 2005 2006 251 1
458 432 2007 2008 2009
459 433 2010 2011 2012 1
460 101 2013 2014 19
461 113 434 2015 435 29
462 421 2016 2017 2018 2019
463 436 318 2020 2021
464 2022 2023 2024 2025 2
465 2026 2027 2028 2029 2030
466 436 2031 2032 2033 2034
467 2035 426 437 2036 2037
468 2038 2039 2040 2041 438 2042
469 71 219 2043 2044 2045
470 2046 2047 2048 59
471 439 2049 2050 2051
472 440 2052 2053 2054 2055 185
473 82 2056 2057 2058
474 113 2059 2060 441 303 304
475 2061 2062 2063 2064 205 86
476 282 274 2065 2066 2067 2068
477 2069 2070 2071 442
478 2072 2073 2074 2075 114
479 2076 2077 2078 2079 2080 90
480 2081 443 2082 444
481 3 2083 2084 2085 2086 2
482 26 2087 2088 266 445 2089
483 2090 441 2091 446 2092 2093
484 105 284 2094 2095
485 115 164 2096 447 2097 389
486 2098 2099 2100 2101 2102 69
487 35 123 342 2103 2104
488 2105 2106 2107 2108 62
489 2109 2110 386 2111 2112 116
490 10 2113 2114 2115 2116 163
491 7 2117 2118 2119
492 427 2120 2121 2122 2123 2124
493 66 120 2125 2126 2127
494 2128 394 311 312 2129
495 367 2130 2131 2132 2133 144
496 106 2134 2135 366
497 117 2136 2137 2138 125
498 448 2139 2140 2141 2142
499 2143 2144 2145 2146 2147 364
500 70 2148 2149 2150 45
501 50 2151 2152 25
502 2153 2154 2155 2156
503 317 2157 242 301
504 432 2158 2159 2
505 357 2160 2161 2162 309
506 113 434 2163 449
507 2164 2165 2166 2167 2168 2169
508 450 2170 2171 2172 2173 116
509 117 451 2174 2175 2176
510 2177 2178 2179 63
511 110 402 2180 400
512 428 2181 2182 2183 452
513 453 2184 2185 2186
514 2187 2188 2189 2190 30
515 2191 2192 2193 2194
516 450 2195 2196 2197 2198 2199
517 67 2200 2201 2202 2203
518 454 2204 2205 2206 2207 127
519 2208 2209 2210 455
520 411 438 2211 72
521 221 2212 2213 2214 2215 2216
522 102 2217 2218 2219 2220 1
523 70 2221 2222 2223 456
524 352 2224 2225 2226
525 433 238 2227 2228 2229 118
526 365 2230 2231 2232 2233 2234
527 457 2235 2236 2237 184
528 2238 2239 343 2240 13
529 2241 2242 2243 414
530 448 2244 445 2245 413
531 2246 2247 2248 261
532 117 2249 2250 2251 2252
533 454 2253 336 337 2254 2255
534 102 2256 2257 2258 12
535 2259 2260 2261 354
536 61 2262 2263 2264
537 115 2265 2266 339 2267 2268
538 419 420 2269 2270 2271
539 2272 2273 2274 2275 2276 321
540 2277 2278 2279 2280 444
541 2281 2282 376 2283 399
542 288 2284 2285 2286 56
543 2287 85 277 278
544 190 176 2288 2289
545 458 2290 2291 2292 2293 404
546 243 2294 401 459
547 96 2295 2296 2297 2298 2299
548 67 2300 2301 2302 2303
549 179 2304 2305 2306
550 46 2307 2308 2309 2310 334
551 2311 2312 2313 2314
552 370 2315 2316 2317 239
553 324 155 2318 2319 2320 460
554 2321 2322 2323 2324 2325 2326
555 308 2327 461
556 2328 2329 2330 4
557 302 2331 2332 2333 254
558 2334 2335 2336 2337 112
559 68 2338 2339 456
560 9 2340 2341 363
561 22 2342 2343 2344 2345
562 2346 2347 2348 2349 87
563 439 2350 2351 2352 224
564 440 2353 2354 2355 2356 33
565 2357 2358 2359 372
566 109 2360 2361 2362 2363 244
567 2364 2365 2366 2367 265
568 2368 2369 2370 2371 2372 2373
569 462 2374 2375 2376 2377
570 355 2378 2379 2380 2381 461
571 2382 2383 2384 2385 446 2386
572 143 2387 2388 2389 52
573 397 2390 2391 2392 111
574 75 2393 2394 463 12
575 298 2395 2396 97
576 464 2397 465 128
577 387 2398 2399 2400
578 2401 2402 134 0
579 2403 2404 2405 451 103
580 88 2406 2407 447 42
581 47 2408 2409 93
582 2410 2411 2412 2413 142
583 2414 2415 2416 2417 79
584 462 2418 2419 2420 2421 455
585 453 2422 2423 4
586 320 2424 2425 2426 435 29
587 2427 2428 2429 2430 2431 116
588 2432 2433 463 353 2434
589 9 2435 32 349
590 145 2436 2437 14
591 2438 2439 2440 2441 183
592 2442 2443 398 2444 2445 395
593 2446 2447 2448 2449
594 2450 2451 2452 289
595 257 2453 2454 2455
596 383 2456 2457 247 248 2458
597 457 2459 2460 2461
598 55 2462 2463 8
599 293 2464 2465 2466 2467 466
600 2468 2469 2470 2471 2472
601 77 467 2473 2474 2475
602 2476 2477 2478 2479 424
603 2480 2481 2482 2483 2484 285
604 2485 2486 2487 2488 2489
605 2490 2491 2492 305
606 3 2493 2494 2495 2496 114
607 2497 2498 2499 2500 2501 430
608 75 2502 2503 2504 2505 14
609 464 2506 2507 32 2508 204
610 283 2509 2510 2511 2512
611 381 2513 2514 118
612 332 2515 2516 2517
613 10 269 2518 2519 2520
614 2521 2522 2523 2524
615 2525 2526 2527 29
616 2528 2529 2530 2531 460
617 146 147 2532 2533 2534 2535
618 2536 2537 2538 2539 442
619 329 2540 2541 255
620 371 2542 2543 2544 2545 468
621 417 2546 2547 2548 11
622 71 2549 104 2550 112
623 2551 2552 2553 406 2554 114
624 2555 2556 2557 2558 2559 2560
625 377 2561 2562 392
626 418 2563 2564 2565 437 405
627 422 2566 2567 2568 258
628 110 2569 2570 2571 466
629 2572 2573 2574 118
630 105 2575 2576 2577 104 280
631 80 252 2578 2579 2580 2581
632 330 2582 465 2583 230
633 333 2584 2585 2586
634 458 2587 2588 2589 408
635 415 2590 2591 2592 2593
636 109 2594 2595 2596 2597 2598
637 263 2599 356 2600
638 2601 2602 2603 2604 2605 108
639 115 2606 2607 2608 206
640 175 2609 2610 2611 2612 2613
641 22 2614 2615 407
642 382 2616 2617 2618 369
643 374 2619 2620 2621 443 378
644 81 2622 2623 2624 2625
645 2626 2627 2628 2629
646 241 2630 2631 2632 2633
647 2634 2635 2636 2637 331
648 2638 2639 2640 2641 2642 2643
649 429 2644 2645 214
650 431 2646 2647 2648 72
651 2649 2650 2651 2652 2653 2654
652 77 467 2655 2656 111
653 390 2657 2658 2659 2660 2661
654 2662 2663 2664 2665 2666
655 16 2667 2668 2669 2670
656 2671 2672 2673 2674 44
657 2675 2676 2677 2678 452
658 2679 2680 2681 2682 2683 391
659 82 2684 2685 2686 2687 2688
660 2689 2690 2691 2692 459
661 2693 2694 2695 2696 2697 15
662 74 2698 2699 2700 210
663 423 2701 2702 2703 2704 344
664 84 2705 2706 2707
665 2708 2709 2710 2711
666 362 2712 2713 449
667 106 2714 2715 2716 2717
668 126 141 2718 168
669 21 2719 2720 0
670 2721 350 2722 2723 2724 2725
671 2726 2727 2728 2729 2730 468
672 2731 2732 2733 203 5
673 326 396 2734 2735 2736 27
